Number of nodes 9 
     0 :  0.0000000e+00  0.0000000e+00 
     1 :  0.0000000e+00  5.0000000e-01 
     2 :  0.0000000e+00  1.0000000e+00 
     3 :  5.0000000e-01  0.0000000e+00 
     4 :  5.0000000e-01  5.0000000e-01 
     5 :  5.0000000e-01  1.0000000e+00 
     6 :  1.0000000e+00  0.0000000e+00 
     7 :  1.0000000e+00  5.0000000e-01 
     8 :  1.0000000e+00  1.0000000e+00 
Number of triangles 8 
     0 :      0      4      1 
     1 :      3      4      0 
     2 :      1      5      2 
     3 :      4      5      1 
     4 :      3      7      4 
     5 :      6      7      3 
     6 :      4      8      5 
     7 :      7      8      4 
