Number of nodes 25 
     0 :  0.0000000e+00  0.0000000e+00 
     1 :  0.0000000e+00  2.5000000e-01 
     2 :  0.0000000e+00  5.0000000e-01 
     3 :  0.0000000e+00  7.5000000e-01 
     4 :  0.0000000e+00  1.0000000e+00 
     5 :  2.5000000e-01  0.0000000e+00 
     6 :  2.5000000e-01  2.5000000e-01 
     7 :  2.5000000e-01  5.0000000e-01 
     8 :  2.5000000e-01  7.5000000e-01 
     9 :  2.5000000e-01  1.0000000e+00 
    10 :  5.0000000e-01  0.0000000e+00 
    11 :  5.0000000e-01  2.5000000e-01 
    12 :  5.0000000e-01  5.0000000e-01 
    13 :  5.0000000e-01  7.5000000e-01 
    14 :  5.0000000e-01  1.0000000e+00 
    15 :  7.5000000e-01  0.0000000e+00 
    16 :  7.5000000e-01  2.5000000e-01 
    17 :  7.5000000e-01  5.0000000e-01 
    18 :  7.5000000e-01  7.5000000e-01 
    19 :  7.5000000e-01  1.0000000e+00 
    20 :  1.0000000e+00  0.0000000e+00 
    21 :  1.0000000e+00  2.5000000e-01 
    22 :  1.0000000e+00  5.0000000e-01 
    23 :  1.0000000e+00  7.5000000e-01 
    24 :  1.0000000e+00  1.0000000e+00 
Number of triangles 32 
     0 :      0      6      1 
     1 :      5      6      0 
     2 :      1      7      2 
     3 :      6      7      1 
     4 :      2      8      3 
     5 :      7      8      2 
     6 :      3      9      4 
     7 :      8      9      3 
     8 :      5     11      6 
     9 :     10     11      5 
    10 :      6     12      7 
    11 :     11     12      6 
    12 :      7     13      8 
    13 :     12     13      7 
    14 :      8     14      9 
    15 :     13     14      8 
    16 :     10     16     11 
    17 :     15     16     10 
    18 :     11     17     12 
    19 :     16     17     11 
    20 :     12     18     13 
    21 :     17     18     12 
    22 :     13     19     14 
    23 :     18     19     13 
    24 :     15     21     16 
    25 :     20     21     15 
    26 :     16     22     17 
    27 :     21     22     16 
    28 :     17     23     18 
    29 :     22     23     17 
    30 :     18     24     19 
    31 :     23     24     18 
