Number of nodes 81 
     0 :  0.0000000e+00  0.0000000e+00 
     1 :  0.0000000e+00  1.2500000e-01 
     2 :  0.0000000e+00  2.5000000e-01 
     3 :  0.0000000e+00  3.7500000e-01 
     4 :  0.0000000e+00  5.0000000e-01 
     5 :  0.0000000e+00  6.2500000e-01 
     6 :  0.0000000e+00  7.5000000e-01 
     7 :  0.0000000e+00  8.7500000e-01 
     8 :  0.0000000e+00  1.0000000e+00 
     9 :  1.2500000e-01  0.0000000e+00 
    10 :  1.2500000e-01  1.2500000e-01 
    11 :  1.2500000e-01  2.5000000e-01 
    12 :  1.2500000e-01  3.7500000e-01 
    13 :  1.2500000e-01  5.0000000e-01 
    14 :  1.2500000e-01  6.2500000e-01 
    15 :  1.2500000e-01  7.5000000e-01 
    16 :  1.2500000e-01  8.7500000e-01 
    17 :  1.2500000e-01  1.0000000e+00 
    18 :  2.5000000e-01  0.0000000e+00 
    19 :  2.5000000e-01  1.2500000e-01 
    20 :  2.5000000e-01  2.5000000e-01 
    21 :  2.5000000e-01  3.7500000e-01 
    22 :  2.5000000e-01  5.0000000e-01 
    23 :  2.5000000e-01  6.2500000e-01 
    24 :  2.5000000e-01  7.5000000e-01 
    25 :  2.5000000e-01  8.7500000e-01 
    26 :  2.5000000e-01  1.0000000e+00 
    27 :  3.7500000e-01  0.0000000e+00 
    28 :  3.7500000e-01  1.2500000e-01 
    29 :  3.7500000e-01  2.5000000e-01 
    30 :  3.7500000e-01  3.7500000e-01 
    31 :  3.7500000e-01  5.0000000e-01 
    32 :  3.7500000e-01  6.2500000e-01 
    33 :  3.7500000e-01  7.5000000e-01 
    34 :  3.7500000e-01  8.7500000e-01 
    35 :  3.7500000e-01  1.0000000e+00 
    36 :  5.0000000e-01  0.0000000e+00 
    37 :  5.0000000e-01  1.2500000e-01 
    38 :  5.0000000e-01  2.5000000e-01 
    39 :  5.0000000e-01  3.7500000e-01 
    40 :  5.0000000e-01  5.0000000e-01 
    41 :  5.0000000e-01  6.2500000e-01 
    42 :  5.0000000e-01  7.5000000e-01 
    43 :  5.0000000e-01  8.7500000e-01 
    44 :  5.0000000e-01  1.0000000e+00 
    45 :  6.2500000e-01  0.0000000e+00 
    46 :  6.2500000e-01  1.2500000e-01 
    47 :  6.2500000e-01  2.5000000e-01 
    48 :  6.2500000e-01  3.7500000e-01 
    49 :  6.2500000e-01  5.0000000e-01 
    50 :  6.2500000e-01  6.2500000e-01 
    51 :  6.2500000e-01  7.5000000e-01 
    52 :  6.2500000e-01  8.7500000e-01 
    53 :  6.2500000e-01  1.0000000e+00 
    54 :  7.5000000e-01  0.0000000e+00 
    55 :  7.5000000e-01  1.2500000e-01 
    56 :  7.5000000e-01  2.5000000e-01 
    57 :  7.5000000e-01  3.7500000e-01 
    58 :  7.5000000e-01  5.0000000e-01 
    59 :  7.5000000e-01  6.2500000e-01 
    60 :  7.5000000e-01  7.5000000e-01 
    61 :  7.5000000e-01  8.7500000e-01 
    62 :  7.5000000e-01  1.0000000e+00 
    63 :  8.7500000e-01  0.0000000e+00 
    64 :  8.7500000e-01  1.2500000e-01 
    65 :  8.7500000e-01  2.5000000e-01 
    66 :  8.7500000e-01  3.7500000e-01 
    67 :  8.7500000e-01  5.0000000e-01 
    68 :  8.7500000e-01  6.2500000e-01 
    69 :  8.7500000e-01  7.5000000e-01 
    70 :  8.7500000e-01  8.7500000e-01 
    71 :  8.7500000e-01  1.0000000e+00 
    72 :  1.0000000e+00  0.0000000e+00 
    73 :  1.0000000e+00  1.2500000e-01 
    74 :  1.0000000e+00  2.5000000e-01 
    75 :  1.0000000e+00  3.7500000e-01 
    76 :  1.0000000e+00  5.0000000e-01 
    77 :  1.0000000e+00  6.2500000e-01 
    78 :  1.0000000e+00  7.5000000e-01 
    79 :  1.0000000e+00  8.7500000e-01 
    80 :  1.0000000e+00  1.0000000e+00 
Number of triangles 128 
     0 :      0     10      1 
     1 :      9     10      0 
     2 :      1     11      2 
     3 :     10     11      1 
     4 :      2     12      3 
     5 :     11     12      2 
     6 :      3     13      4 
     7 :     12     13      3 
     8 :      4     14      5 
     9 :     13     14      4 
    10 :      5     15      6 
    11 :     14     15      5 
    12 :      6     16      7 
    13 :     15     16      6 
    14 :      7     17      8 
    15 :     16     17      7 
    16 :      9     19     10 
    17 :     18     19      9 
    18 :     10     20     11 
    19 :     19     20     10 
    20 :     11     21     12 
    21 :     20     21     11 
    22 :     12     22     13 
    23 :     21     22     12 
    24 :     13     23     14 
    25 :     22     23     13 
    26 :     14     24     15 
    27 :     23     24     14 
    28 :     15     25     16 
    29 :     24     25     15 
    30 :     16     26     17 
    31 :     25     26     16 
    32 :     18     28     19 
    33 :     27     28     18 
    34 :     19     29     20 
    35 :     28     29     19 
    36 :     20     30     21 
    37 :     29     30     20 
    38 :     21     31     22 
    39 :     30     31     21 
    40 :     22     32     23 
    41 :     31     32     22 
    42 :     23     33     24 
    43 :     32     33     23 
    44 :     24     34     25 
    45 :     33     34     24 
    46 :     25     35     26 
    47 :     34     35     25 
    48 :     27     37     28 
    49 :     36     37     27 
    50 :     28     38     29 
    51 :     37     38     28 
    52 :     29     39     30 
    53 :     38     39     29 
    54 :     30     40     31 
    55 :     39     40     30 
    56 :     31     41     32 
    57 :     40     41     31 
    58 :     32     42     33 
    59 :     41     42     32 
    60 :     33     43     34 
    61 :     42     43     33 
    62 :     34     44     35 
    63 :     43     44     34 
    64 :     36     46     37 
    65 :     45     46     36 
    66 :     37     47     38 
    67 :     46     47     37 
    68 :     38     48     39 
    69 :     47     48     38 
    70 :     39     49     40 
    71 :     48     49     39 
    72 :     40     50     41 
    73 :     49     50     40 
    74 :     41     51     42 
    75 :     50     51     41 
    76 :     42     52     43 
    77 :     51     52     42 
    78 :     43     53     44 
    79 :     52     53     43 
    80 :     45     55     46 
    81 :     54     55     45 
    82 :     46     56     47 
    83 :     55     56     46 
    84 :     47     57     48 
    85 :     56     57     47 
    86 :     48     58     49 
    87 :     57     58     48 
    88 :     49     59     50 
    89 :     58     59     49 
    90 :     50     60     51 
    91 :     59     60     50 
    92 :     51     61     52 
    93 :     60     61     51 
    94 :     52     62     53 
    95 :     61     62     52 
    96 :     54     64     55 
    97 :     63     64     54 
    98 :     55     65     56 
    99 :     64     65     55 
   100 :     56     66     57 
   101 :     65     66     56 
   102 :     57     67     58 
   103 :     66     67     57 
   104 :     58     68     59 
   105 :     67     68     58 
   106 :     59     69     60 
   107 :     68     69     59 
   108 :     60     70     61 
   109 :     69     70     60 
   110 :     61     71     62 
   111 :     70     71     61 
   112 :     63     73     64 
   113 :     72     73     63 
   114 :     64     74     65 
   115 :     73     74     64 
   116 :     65     75     66 
   117 :     74     75     65 
   118 :     66     76     67 
   119 :     75     76     66 
   120 :     67     77     68 
   121 :     76     77     67 
   122 :     68     78     69 
   123 :     77     78     68 
   124 :     69     79     70 
   125 :     78     79     69 
   126 :     70     80     71 
   127 :     79     80     70 
