Number of nodes 58 
     0 :  5.0000000e-01  0.0000000e+00 
     1 :  1.5706100e-02  5.1157280e-02 
     2 : -5.0000000e-01 -1.9115030e-39 
     3 :  8.0000000e-07 -5.2190140e-02 
     4 :  7.0000000e-01  2.0000000e-01 
     5 : -7.0000000e-01  2.0000000e-01 
     6 : -7.0000000e-01 -2.0000000e-01 
     7 :  7.0000000e-01 -2.0000000e-01 
     8 :  4.0345905e-01  1.2916817e-02 
     9 :  3.0672355e-01  2.4457152e-02 
    10 :  2.0984757e-01  3.4735879e-02 
    11 :  1.1284113e-01  4.3711204e-02 
    12 : -7.2892470e-02  5.6235319e-02 
    13 : -1.6158794e-01  5.9119891e-02 
    14 : -2.5032863e-01  5.8933094e-02 
    15 : -3.3892461e-01  5.4161899e-02 
    16 : -4.2668916e-01  4.1399580e-02 
    17 : -4.2924579e-01 -4.0819838e-02 
    18 : -3.4415112e-01 -5.3682119e-02 
    19 : -2.5819338e-01 -5.8725233e-02 
    20 : -1.7208018e-01 -5.9279557e-02 
    21 : -8.5994966e-02 -5.6816471e-02 
    22 :  8.3587794e-02 -4.6131364e-02 
    23 :  1.6707896e-01 -3.8863851e-02 
    24 :  2.5047534e-01 -3.0579297e-02 
    25 :  3.3377485e-01 -2.1361105e-02 
    26 :  4.1696327e-01 -1.1198951e-02 
    27 :  1.8325341e-12  2.0000000e-01 
    28 :  1.0179489e-05 -2.0000000e-01 
    29 :  1.3742041e-01 -1.3905881e-01 
    30 :  3.1535997e-01 -1.6468413e-01 
    31 :  4.9124875e-01 -1.4370458e-01 
    32 : -1.2560461e-01 -1.7803040e-01 
    33 : -5.3330814e-01  1.0735206e-01 
    34 : -5.3488660e-01 -1.0975433e-01 
    35 : -4.0636576e-01 -1.7736653e-01 
    36 : -1.1367585e-01  1.6727510e-01 
    37 : -3.5436107e-01  1.4459883e-01 
    38 :  2.2861941e-01 -1.0237003e-01 
    39 : -2.3229709e-01  1.2575276e-01 
    40 : -2.1568918e-01 -1.4481683e-01 
    41 :  5.6711298e-02  1.1456230e-01 
    42 :  1.4452525e-01  1.1165689e-01 
    43 :  2.6732732e-01  1.1481420e-01 
    44 : -2.9924771e-01  1.1886041e-01 
    45 :  3.8400868e-01  9.0219112e-02 
    46 :  4.4499253e-01  1.3775075e-01 
    47 :  4.7601287e-01  7.2853150e-02 
    48 : -3.0601371e-01 -1.1769434e-01 
    49 : -6.1786410e-01 -1.3144983e-02 
    50 :  3.8858617e-01 -9.5859738e-02 
    51 :  3.0085601e-01 -9.1234775e-02 
    52 :  4.0040036e-02 -1.1716107e-01 
    53 :  4.7714685e-01 -7.5309087e-02 
    54 :  5.7804388e-01 -7.7530666e-02 
    55 :  5.9851166e-01  4.0942580e-02 
    56 : -3.9145513e-02 -1.2609755e-01 
    57 : -2.4669938e-02  1.2214677e-01 
Number of triangles 87 
     0 :     22     29     23 
     1 :      2     34     17 
     2 :      2     16     33 
     3 :      2     33     49 
     4 :     21     20     32 
     5 :     12     36     13 
     6 :     22     52     29 
     7 :     17     35     18 
     8 :     15     37     16 
     9 :      0     55     47 
    10 :     45     47     46 
    11 :     29     30     38 
    12 :     29     38     23 
    13 :     21     32     56 
    14 :      1     11     41 
    15 :     26     25     50 
    16 :      0     53     54 
    17 :     24     23     38 
    18 :      2     49     34 
    19 :      3     52     22 
    20 :      0     54     55 
    21 :      5     49     33 
    22 :     21     56      3 
    23 :     12     57     36 
    24 :     17     34     35 
    25 :     16     37     33 
    26 :     19     40     20 
    27 :     10     42     11 
    28 :      0     47      8 
    29 :     20     40     32 
    30 :     14     13     39 
    31 :     29     52     28 
    32 :      1     57     12 
    33 :      9     43     10 
    34 :     24     51     25 
    35 :      9      8     45 
    36 :      7     54     31 
    37 :     13     36     39 
    38 :      1     41     57 
    39 :      0     26     53 
    40 :     14     44     15 
    41 :     18     48     19 
    42 :      3     56     52 
    43 :     18     35     48 
    44 :     11     42     41 
    45 :     15     44     37 
    46 :     28     56     32 
    47 :     30     31     50 
    48 :     10     43     42 
    49 :     47     55     46 
    50 :     25     51     50 
    51 :     24     38     51 
    52 :     27     36     57 
    53 :     26     50     53 
    54 :      9     45     43 
    55 :     31     54     53 
    56 :     19     48     40 
    57 :     14     39     44 
    58 :      8     47     45 
    59 :     27     57     41 
    60 :     28     52     56 
    61 :      6     34     49 
    62 :      4     46     55 
    63 :     30     51     38 
    64 :     30     50     51 
    65 :     31     53     50 
    66 :     29     28     30 
    67 :      6     35     34 
    68 :      6     28     35 
    69 :      7     30     28 
    70 :     28     32     35 
    71 :      7     31     30 
    72 :      4     27     46 
    73 :     27     43     46 
    74 :     45     46     43 
    75 :     27     41     42 
    76 :      5      6     49 
    77 :     32     40     35 
    78 :      5     33     37 
    79 :     27     42     43 
    80 :     40     48     35 
    81 :     36     37     39 
    82 :     27     37     36 
    83 :      5     37     27 
    84 :     39     37     44 
    85 :      7     55     54 
    86 :      4     55      7 
