Number of nodes 28 
     0 :  1.0000000e+00  1.0000000e+00 
     1 :  1.0000000e+00 -1.0000000e+00 
     2 : -1.0000000e+00 -1.0000000e+00 
     3 : -1.0000000e+00  1.0000000e+00 
     4 :  1.0000000e+00  5.0000000e-01 
     5 :  1.0000000e+00  2.7565727e-12 
     6 :  1.0000000e+00 -5.0000000e-01 
     7 :  5.0000000e-01 -1.0000000e+00 
     8 :  2.7565727e-12 -1.0000000e+00 
     9 : -5.0000000e-01 -1.0000000e+00 
    10 : -1.0000000e+00 -5.0000000e-01 
    11 : -1.0000000e+00 -2.7565727e-12 
    12 : -1.0000000e+00  5.0000000e-01 
    13 : -5.0000000e-01  1.0000000e+00 
    14 : -2.7565727e-12  1.0000000e+00 
    15 :  5.0000000e-01  1.0000000e+00 
    16 : -6.6171461e-01  2.8964437e-01 
    17 : -4.7744133e-01 -3.6826397e-01 
    18 :  9.2243044e-02  5.3273491e-01 
    19 : -7.2603673e-01 -8.7067184e-03 
    20 : -3.0836552e-01  1.3524350e-01 
    21 :  5.6555016e-01  1.9146246e-02 
    22 :  6.2543333e-02 -4.5848841e-01 
    23 : -3.4626778e-01  5.6902206e-01 
    24 :  1.0073679e-01  5.4670599e-02 
    25 :  5.4191152e-01 -4.8946356e-01 
    26 : -6.3479280e-01  5.8931699e-01 
    27 :  5.4195135e-01  5.1381822e-01 
Number of quads 19 
     0 :     20     24     18     23 
     1 :     22     24     20     17 
     2 :     20     16     19     17 
     3 :     11     19     16     12 
     4 :      8     22     17      9 
     5 :     23     18     14     13 
     6 :     25      7      1      6 
     7 :     17     10      2      9 
     8 :     27      4      0     15 
     9 :      7     25     22      8 
    10 :     26     23     13      3 
    11 :     10     17     19     11 
    12 :      4     27     21      5 
    13 :     21     25      6      5 
    14 :     12     16     26      3 
    15 :     18     27     15     14 
    16 :     22     25     21     24 
    17 :     23     26     16     20 
    18 :     21     27     18     24 
