Number of nodes 1066 
     0 :  2.6172070e+01  3.9985129e+01 
     1 :  2.6139148e+01  3.9627485e+01 
     2 :  2.6406663e+01  3.9504158e+01 
     3 :  2.6857164e+01  3.9542655e+01 
     4 :  2.6697359e+01  3.9258901e+01 
     5 :  2.6855955e+01  3.8949119e+01 
     6 :  2.6830361e+01  3.8751272e+01 
     7 :  2.6998166e+01  3.8489806e+01 
     8 :  2.6725293e+01  3.8400455e+01 
     9 :  2.6477050e+01  3.8657535e+01 
    10 :  2.6426184e+01  3.8377197e+01 
    11 :  2.6468377e+01  3.8180433e+01 
    12 :  2.6836988e+01  3.8100489e+01 
    13 :  2.7233315e+01  3.7952300e+01 
    14 :  2.7217442e+01  3.7600523e+01 
    15 :  2.7406897e+01  3.7371773e+01 
    16 :  2.7479774e+01  3.7122699e+01 
    17 :  2.7351258e+01  3.7002847e+01 
    18 :  2.7797018e+01  3.7008010e+01 
    19 :  2.8244597e+01  3.7030286e+01 
    20 :  2.7909964e+01  3.6846850e+01 
    21 :  2.7478508e+01  3.6749773e+01 
    22 :  2.7797891e+01  3.6723920e+01 
    23 :  2.7999609e+01  3.6685418e+01 
    24 :  2.8297129e+01  3.6820365e+01 
    25 :  2.8658764e+01  3.6700195e+01 
    26 :  2.9056225e+01  3.6683177e+01 
    27 :  2.9175201e+01  3.6350695e+01 
    28 :  2.9568554e+01  3.6197648e+01 
    29 :  2.9988252e+01  3.6221552e+01 
    30 :  3.0393508e+01  3.6229851e+01 
    31 :  3.0549028e+01  3.6542672e+01 
    32 :  3.0696932e+01  3.6846398e+01 
    33 :  3.1144595e+01  3.6834728e+01 
    34 :  3.1554903e+01  3.6699294e+01 
    35 :  3.1958206e+01  3.6543917e+01 
    36 :  3.2272301e+01  3.6296061e+01 
    37 :  3.2607492e+01  3.6076650e+01 
    38 :  3.3040138e+01  3.6088335e+01 
    39 :  3.3476831e+01  3.6154640e+01 
    40 :  3.3878431e+01  3.6277111e+01 
    41 :  3.4175854e+01  3.6467816e+01 
    42 :  3.4499037e+01  3.6715467e+01 
    43 :  3.4907718e+01  3.6742055e+01 
    44 :  3.5303768e+01  3.6575163e+01 
    45 :  3.5653435e+01  3.6699436e+01 
    46 :  3.6015155e+01  3.6880807e+01 
    47 :  3.6156855e+01  3.6598423e+01 
    48 :  3.5832631e+01  3.6353892e+01 
    49 :  3.5939549e+01  3.6016662e+01 
    50 :  3.5792302e+01  3.5678236e+01 
    51 :  3.5911256e+01  3.5363240e+01 
    52 :  3.5888994e+01  3.5011226e+01 
    53 :  3.5964138e+01  3.4662754e+01 
    54 :  3.5769670e+01  3.4375355e+01 
    55 :  3.5630398e+01  3.4052904e+01 
    56 :  3.5447697e+01  3.3730393e+01 
    57 :  3.5267237e+01  3.3405824e+01 
    58 :  3.5116722e+01  3.3070885e+01 
    59 :  3.4966084e+01  3.2738661e+01 
    60 :  3.4863435e+01  3.2391841e+01 
    61 :  3.4747032e+01  3.2046997e+01 
    62 :  3.4579874e+01  3.1717600e+01 
    63 :  3.4334287e+01  3.1426505e+01 
    64 :  3.4004612e+01  3.1208210e+01 
    65 :  3.3600643e+01  3.1120771e+01 
    66 :  3.3189805e+01  3.1070399e+01 
    67 :  3.2779582e+01  3.1078411e+01 
    68 :  3.2393870e+01  3.1178710e+01 
    69 :  3.2038643e+01  3.1150974e+01 
    70 :  3.1763653e+01  3.1389254e+01 
    71 :  3.1371730e+01  3.1515695e+01 
    72 :  3.0997831e+01  3.1518644e+01 
    73 :  3.0631850e+01  3.1407119e+01 
    74 :  3.0314838e+01  3.1372912e+01 
    75 :  2.9953812e+01  3.1245306e+01 
    76 :  2.9621955e+01  3.1026916e+01 
    77 :  2.9256638e+01  3.0856035e+01 
    78 :  2.8870075e+01  3.0914095e+01 
    79 :  2.8491650e+01  3.1060341e+01 
    80 :  2.8075447e+01  3.1089483e+01 
    81 :  2.7689089e+01  3.1189578e+01 
    82 :  2.7326891e+01  3.1334488e+01 
    83 :  2.6926036e+01  3.1436985e+01 
    84 :  2.6513169e+01  3.1505431e+01 
    85 :  2.6104114e+01  3.1588426e+01 
    86 :  2.5695013e+01  3.1576525e+01 
    87 :  2.5283760e+01  3.1514566e+01 
    88 :  2.5072922e+01  3.1795481e+01 
    89 :  2.4768674e+01  3.2008005e+01 
    90 :  2.4347688e+01  3.2000386e+01 
    91 :  2.3946674e+01  3.2088052e+01 
    92 :  2.3545695e+01  3.2174859e+01 
    93 :  2.3159686e+01  3.2299937e+01 
    94 :  2.3070079e+01  3.2632113e+01 
    95 :  2.2670062e+01  3.2755474e+01 
    96 :  2.2272273e+01  3.2879786e+01 
    97 :  2.1848670e+01  3.2908620e+01 
    98 :  2.1456603e+01  3.2815418e+01 
    99 :  2.1041414e+01  3.2749416e+01 
   100 :  2.0663599e+01  3.2583097e+01 
   101 :  2.0319609e+01  3.2372200e+01 
   102 :  2.0050547e+01  3.2097450e+01 
   103 :  1.9937189e+01  3.1759652e+01 
   104 :  2.0025580e+01  3.1409957e+01 
   105 :  2.0159723e+01  3.1079175e+01 
   106 :  1.9977783e+01  3.0759077e+01 
   107 :  1.9711091e+01  3.0484493e+01 
   108 :  1.9346400e+01  3.0312710e+01 
   109 :  1.8941150e+01  3.0293964e+01 
   110 :  1.8586720e+01  3.0479581e+01 
   111 :  1.8268729e+01  3.0711494e+01 
   112 :  1.7901265e+01  3.0875873e+01 
   113 :  1.7514583e+01  3.1012548e+01 
   114 :  1.7120911e+01  3.1134001e+01 
   115 :  1.6710875e+01  3.1207090e+01 
   116 :  1.6291791e+01  3.1227040e+01 
   117 :  1.5892084e+01  3.1330738e+01 
   118 :  1.5573773e+01  3.1556950e+01 
   119 :  1.5389987e+01  3.1879081e+01 
   120 :  1.5317455e+01  3.2229806e+01 
   121 :  1.4983370e+01  3.2420060e+01 
   122 :  1.4569319e+01  3.2497544e+01 
   123 :  1.4213102e+01  3.2688030e+01 
   124 :  1.3803441e+01  3.2785725e+01 
   125 :  1.3400905e+01  3.2884767e+01 
   126 :  1.2987357e+01  3.2836873e+01 
   127 :  1.2566092e+01  3.2800226e+01 
   128 :  1.2160763e+01  3.2900182e+01 
   129 :  1.1796714e+01  3.3086622e+01 
   130 :  1.1399881e+01  3.3207039e+01 
   131 :  1.1145002e+01  3.3373485e+01 
   132 :  1.0936793e+01  3.3557818e+01 
   133 :  1.0644957e+01  3.3649006e+01 
   134 :  1.0258419e+01  3.3774234e+01 
   135 :  1.0037216e+01  3.4073153e+01 
   136 :  1.0220761e+01  3.4373476e+01 
   137 :  1.0594052e+01  3.4555977e+01 
   138 :  1.0873114e+01  3.4829817e+01 
   139 :  1.1060956e+01  3.5152782e+01 
   140 :  1.1058227e+01  3.5508090e+01 
   141 :  1.0760395e+01  3.5747918e+01 
   142 :  1.0510702e+01  3.6037118e+01 
   143 :  1.0565216e+01  3.6374876e+01 
   144 :  1.0891953e+01  3.6602660e+01 
   145 :  1.1116906e+01  3.6907038e+01 
   146 :  1.0836390e+01  3.6956258e+01 
   147 :  1.0471834e+01  3.6752539e+01 
   148 :  1.0226197e+01  3.6975883e+01 
   149 :  1.0026789e+01  3.7235416e+01 
   150 :  9.7141627e+00  3.7329290e+01 
   151 :  9.2833335e+00  3.7231053e+01 
   152 :  8.9088787e+00  3.7041368e+01 
   153 :  8.4980141e+00  3.6911463e+01 
   154 :  8.0543570e+00  3.6882446e+01 
   155 :  7.6656678e+00  3.6973063e+01 
   156 :  7.2363703e+00  3.7070773e+01 
   157 :  6.9263222e+00  3.6899195e+01 
   158 :  6.5365732e+00  3.7045988e+01 
   159 :  6.1734845e+00  3.6909611e+01 
   160 :  5.7459919e+00  3.6818453e+01 
   161 :  5.3566153e+00  3.6652225e+01 
   162 :  4.9841628e+00  3.6818142e+01 
   163 :  4.5512239e+00  3.6884721e+01 
   164 :  4.1031737e+00  3.6904896e+01 
   165 :  3.6735827e+00  3.6847675e+01 
   166 :  3.2425345e+00  3.6799694e+01 
   167 :  2.8390808e+00  3.6739382e+01 
   168 :  2.4457391e+00  3.6598631e+01 
   169 :  2.0131230e+00  3.6570458e+01 
   170 :  1.5686141e+00  3.6537553e+01 
   171 :  1.1313978e+00  3.6488750e+01 
   172 :  7.2894044e-01  3.6338773e+01 
   173 :  3.3599715e-01  3.6172354e+01 
   174 :  5.1138171e-02  3.5903945e+01 
   175 : -3.2473980e-01  3.5857612e+01 
   176 : -7.0880974e-01  3.5735772e+01 
   177 : -1.1068149e+00  3.5622204e+01 
   178 : -1.3448726e+00  3.5334136e+01 
   179 : -1.7193879e+00  3.5155117e+01 
   180 : -2.1389021e+00  3.5092230e+01 
   181 : -2.5697452e+00  3.5093452e+01 
   182 : -2.9250154e+00  3.5252650e+01 
   183 : -3.1926318e+00  3.5245876e+01 
   184 : -3.6141812e+00  3.5246224e+01 
   185 : -4.0461972e+00  3.5223848e+01 
   186 : -4.4740109e+00  3.5167244e+01 
   187 : -4.8818719e+00  3.5293098e+01 
   188 : -5.1966243e+00  3.5543845e+01 
   189 : -5.3662300e+00  3.5864199e+01 
   190 : -5.5556542e+00  3.6042106e+01 
   191 : -5.2638498e+00  3.6303870e+01 
   192 : -4.9049637e+00  3.6497233e+01 
   193 : -4.5096461e+00  3.6624666e+01 
   194 : -4.1022653e+00  3.6729991e+01 
   195 : -3.6554761e+00  3.6739407e+01 
   196 : -3.2204717e+00  3.6746922e+01 
   197 : -2.7852177e+00  3.6691695e+01 
   198 : -2.3905559e+00  3.6821951e+01 
   199 : -2.0115760e+00  3.6837201e+01 
   200 : -1.8235632e+00  3.7161850e+01 
   201 : -1.5331216e+00  3.7428684e+01 
   202 : -1.1361656e+00  3.7578142e+01 
   203 : -7.7456134e-01  3.7651028e+01 
   204 : -6.9491424e-01  3.7985938e+01 
   205 : -4.9819411e-01  3.8306660e+01 
   206 : -1.5077685e-01  3.8529413e+01 
   207 :  1.8188463e-01  3.8761311e+01 
   208 : -1.4790266e-01  3.8995995e+01 
   209 : -2.9884497e-01  3.9333850e+01 
   210 : -2.2017632e-01  3.9675039e+01 
   211 :  2.4026915e-02  3.9980447e+01 
   212 :  3.0413094e-01  4.0266298e+01 
   213 :  5.9428618e-01  4.0545802e+01 
   214 :  8.0276669e-01  4.0833237e+01 
   215 :  1.1315629e+00  4.1060677e+01 
   216 :  1.5765804e+00  4.1185555e+01 
   217 :  2.0368426e+00  4.1280051e+01 
   218 :  2.3941619e+00  4.1509279e+01 
   219 :  2.8172925e+00  4.1678369e+01 
   220 :  3.1826891e+00  4.1904149e+01 
   221 :  3.2009105e+00  4.2234722e+01 
   222 :  3.1103202e+00  4.2532681e+01 
   223 :  3.0327241e+00  4.2880511e+01 
   224 :  3.2188189e+00  4.3194635e+01 
   225 :  3.6419037e+00  4.3374847e+01 
   226 :  4.0669968e+00  4.3528697e+01 
   227 :  4.5384272e+00  4.3435851e+01 
   228 :  4.9315336e+00  4.3419604e+01 
   229 :  5.3525092e+00  4.3291217e+01 
   230 :  5.7621691e+00  4.3106179e+01 
   231 :  6.2335952e+00  4.3111995e+01 
   232 :  6.6270522e+00  4.3246433e+01 
   233 :  6.9339691e+00  4.3495455e+01 
   234 :  7.3220734e+00  4.3711648e+01 
   235 :  7.7928494e+00  4.3820085e+01 
   236 :  8.1977935e+00  4.4012812e+01 
   237 :  8.4892952e+00  4.4296986e+01 
   238 :  8.9418312e+00  4.4401236e+01 
   239 :  9.3968597e+00  4.4260819e+01 
   240 :  9.8263191e+00  4.4084726e+01 
   241 :  1.0227185e+01  4.3895538e+01 
   242 :  1.0318423e+01  4.3544344e+01 
   243 :  1.0530969e+01  4.3222348e+01 
   244 :  1.0639214e+01  4.2945697e+01 
   245 :  1.0969006e+01  4.2703548e+01 
   246 :  1.1238394e+01  4.2421102e+01 
   247 :  1.1660542e+01  4.2259064e+01 
   248 :  1.1984670e+01  4.2002614e+01 
   249 :  1.2273615e+01  4.1727074e+01 
   250 :  1.2624271e+01  4.1484355e+01 
   251 :  1.3014742e+01  4.1287729e+01 
   252 :  1.3469938e+01  4.1242998e+01 
   253 :  1.3867521e+01  4.1110510e+01 
   254 :  1.4131093e+01  4.0823294e+01 
   255 :  1.4419372e+01  4.0626579e+01 
   256 :  1.4862425e+01  4.0592219e+01 
   257 :  1.4928745e+01  4.0256822e+01 
   258 :  1.5299359e+01  4.0046069e+01 
   259 :  1.5709939e+01  3.9982448e+01 
   260 :  1.5841632e+01  3.9640123e+01 
   261 :  1.6037079e+01  3.9318037e+01 
   262 :  1.6159726e+01  3.8975746e+01 
   263 :  1.6017156e+01  3.8719494e+01 
   264 :  1.5890419e+01  3.8442445e+01 
   265 :  1.5654945e+01  3.8148186e+01 
   266 :  1.5899060e+01  3.7922479e+01 
   267 :  1.6185329e+01  3.8144791e+01 
   268 :  1.6518011e+01  3.8385621e+01 
   269 :  1.6573925e+01  3.8734043e+01 
   270 :  1.6938335e+01  3.8929922e+01 
   271 :  1.7140587e+01  3.9157125e+01 
   272 :  1.6996323e+01  3.9474578e+01 
   273 :  1.6592903e+01  3.9649630e+01 
   274 :  1.6600328e+01  3.9977936e+01 
   275 :  1.6789416e+01  4.0301604e+01 
   276 :  1.7139717e+01  4.0492183e+01 
   277 :  1.7532584e+01  4.0311851e+01 
   278 :  1.7940464e+01  4.0185974e+01 
   279 :  1.8142291e+01  3.9874102e+01 
   280 :  1.8441654e+01  4.0017311e+01 
   281 :  1.8358298e+01  4.0346400e+01 
   282 :  1.8028658e+01  4.0600211e+01 
   283 :  1.7627325e+01  4.0781814e+01 
   284 :  1.7239330e+01  4.0985161e+01 
   285 :  1.6815164e+01  4.1143937e+01 
   286 :  1.6383947e+01  4.1296287e+01 
   287 :  1.5969841e+01  4.1472758e+01 
   288 :  1.6135142e+01  4.1752265e+01 
   289 :  1.5875270e+01  4.1928722e+01 
   290 :  1.5417411e+01  4.1926013e+01 
   291 :  1.4953876e+01  4.2006470e+01 
   292 :  1.4584035e+01  4.2223631e+01 
   293 :  1.4231079e+01  4.2470005e+01 
   294 :  1.3967093e+01  4.2769016e+01 
   295 :  1.3828621e+01  4.3113299e+01 
   296 :  1.3660152e+01  4.3450647e+01 
   297 :  1.3306614e+01  4.3676993e+01 
   298 :  1.2927418e+01  4.3908901e+01 
   299 :  1.2522303e+01  4.4114472e+01 
   300 :  1.2303845e+01  4.4429931e+01 
   301 :  1.2293566e+01  4.4777090e+01 
   302 :  1.2342074e+01  4.5047370e+01 
   303 :  1.2179374e+01  4.5368092e+01 
   304 :  1.2528759e+01  4.5510102e+01 
   305 :  1.2993513e+01  4.5637680e+01 
   306 :  1.3430017e+01  4.5724395e+01 
   307 :  1.3701781e+01  4.5561742e+01 
   308 :  1.3565835e+01  4.5284853e+01 
   309 :  1.3764472e+01  4.4960642e+01 
   310 :  1.4024349e+01  4.4929377e+01 
   311 :  1.4256133e+01  4.5243485e+01 
   312 :  1.4674748e+01  4.5181528e+01 
   313 :  1.4892993e+01  4.4871927e+01 
   314 :  1.5105444e+01  4.4562296e+01 
   315 :  1.5363923e+01  4.4213929e+01 
   316 :  1.5387887e+01  4.3983483e+01 
   317 :  1.5761126e+01  4.3747899e+01 
   318 :  1.6052384e+01  4.3489823e+01 
   319 :  1.6518728e+01  4.3504057e+01 
   320 :  1.6938317e+01  4.3312843e+01 
   321 :  1.7334119e+01  4.3099872e+01 
   322 :  1.7589078e+01  4.2862199e+01 
   323 :  1.8016336e+01  4.2696158e+01 
   324 :  1.8396074e+01  4.2472126e+01 
   325 :  1.8737990e+01  4.2374742e+01 
   326 :  1.9044495e+01  4.2110413e+01 
   327 :  1.9382328e+01  4.1874200e+01 
   328 :  1.9533437e+01  4.1592616e+01 
   329 :  1.9482591e+01  4.1256960e+01 
   330 :  1.9452665e+01  4.0903874e+01 
   331 :  1.9375961e+01  4.0567294e+01 
   332 :  1.9407948e+01  4.0287698e+01 
   333 :  1.9775592e+01  4.0070652e+01 
   334 :  2.0015300e+01  3.9770508e+01 
   335 :  2.0242864e+01  3.9476418e+01 
   336 :  2.0498692e+01  3.9200011e+01 
   337 :  2.0806041e+01  3.9030981e+01 
   338 :  2.1138590e+01  3.8889972e+01 
   339 :  2.0849678e+01  3.8802591e+01 
   340 :  2.1064317e+01  3.8488561e+01 
   341 :  2.1338445e+01  3.8404450e+01 
   342 :  2.1740060e+01  3.8362629e+01 
   343 :  2.2193352e+01  3.8361215e+01 
   344 :  2.2579023e+01  3.8322503e+01 
   345 :  2.2975060e+01  3.8193188e+01 
   346 :  2.2978824e+01  3.8063507e+01 
   347 :  2.2647626e+01  3.8067184e+01 
   348 :  2.2223468e+01  3.8199099e+01 
   349 :  2.1811174e+01  3.8245090e+01 
   350 :  2.1387069e+01  3.8190221e+01 
   351 :  2.1152338e+01  3.7887483e+01 
   352 :  2.1405424e+01  3.7627789e+01 
   353 :  2.1675349e+01  3.7357227e+01 
   354 :  2.1619008e+01  3.7026408e+01 
   355 :  2.1867016e+01  3.6760604e+01 
   356 :  2.2070297e+01  3.7008166e+01 
   357 :  2.2331624e+01  3.6724678e+01 
   358 :  2.2481062e+01  3.6565166e+01 
   359 :  2.2749261e+01  3.6789316e+01 
   360 :  2.3022908e+01  3.6508187e+01 
   361 :  2.3086602e+01  3.6761840e+01 
   362 :  2.2963307e+01  3.7104248e+01 
   363 :  2.2764839e+01  3.7425976e+01 
   364 :  2.3041715e+01  3.7458656e+01 
   365 :  2.3343141e+01  3.7401942e+01 
   366 :  2.3248991e+01  3.7575540e+01 
   367 :  2.3051674e+01  3.7880111e+01 
   368 :  2.3441285e+01  3.8003965e+01 
   369 :  2.3803765e+01  3.7813856e+01 
   370 :  2.4060042e+01  3.7793120e+01 
   371 :  2.4033728e+01  3.8141922e+01 
   372 :  2.3717453e+01  3.8341992e+01 
   373 :  2.3346052e+01  3.8550156e+01 
   374 :  2.3010790e+01  3.8735341e+01 
   375 :  2.2732199e+01  3.8919413e+01 
   376 :  2.2864965e+01  3.9205511e+01 
   377 :  2.3151667e+01  3.9205632e+01 
   378 :  2.3188856e+01  3.9394891e+01 
   379 :  2.2898322e+01  3.9668192e+01 
   380 :  2.2664642e+01  3.9973188e+01 
   381 :  2.2621814e+01  4.0304760e+01 
   382 :  2.2814812e+01  4.0591343e+01 
   383 :  2.2980522e+01  4.0366706e+01 
   384 :  2.3413794e+01  4.0267475e+01 
   385 :  2.3793795e+01  4.0071008e+01 
   386 :  2.3894197e+01  4.0161919e+01 
   387 :  2.3948877e+01  4.0320448e+01 
   388 :  2.4335954e+01  4.0161533e+01 
   389 :  2.4022496e+01  4.0391148e+01 
   390 :  2.3735904e+01  4.0642973e+01 
   391 :  2.4046880e+01  4.0732109e+01 
   392 :  2.4426935e+01  4.0924523e+01 
   393 :  2.4876251e+01  4.0891004e+01 
   394 :  2.5282397e+01  4.0931428e+01 
   395 :  2.5744220e+01  4.0850095e+01 
   396 :  2.6084020e+01  4.0677033e+01 
   397 :  2.6511048e+01  4.0618733e+01 
   398 :  2.6665701e+01  4.0523364e+01 
   399 :  2.6272285e+01  4.0331480e+01 
   400 :  1.5000986e+01  3.6699161e+01 
   401 :  1.5198190e+01  3.6944712e+01 
   402 :  1.5167203e+01  3.7250205e+01 
   403 :  1.5163456e+01  3.7578718e+01 
   404 :  1.5332521e+01  3.7904729e+01 
   405 :  1.5551866e+01  3.8209187e+01 
   406 :  1.5165229e+01  3.8170807e+01 
   407 :  1.4733650e+01  3.8125870e+01 
   408 :  1.4307321e+01  3.8015634e+01 
   409 :  1.3862859e+01  3.7998757e+01 
   410 :  1.3460519e+01  3.8103351e+01 
   411 :  1.3085873e+01  3.8137251e+01 
   412 :  1.2704857e+01  3.8114343e+01 
   413 :  1.2450650e+01  3.7852704e+01 
   414 :  1.2683014e+01  3.7578234e+01 
   415 :  1.3109848e+01  3.7496494e+01 
   416 :  1.3477413e+01  3.7301067e+01 
   417 :  1.3861306e+01  3.7124987e+01 
   418 :  1.4282045e+01  3.7035320e+01 
   419 :  1.4575771e+01  3.6777330e+01 
   420 :  8.5554517e+00  3.9041259e+01 
   421 :  8.9168377e+00  3.8924333e+01 
   422 :  9.1356036e+00  3.9207154e+01 
   423 :  9.5448803e+00  3.9150886e+01 
   424 :  9.6417000e+00  3.9491464e+01 
   425 :  9.6827184e+00  3.9841190e+01 
   426 :  9.6438660e+00  4.0187120e+01 
   427 :  9.8077375e+00  4.0502013e+01 
   428 :  9.6784819e+00  4.0838267e+01 
   429 :  9.5011939e+00  4.1149107e+01 
   430 :  9.1000703e+00  4.1149141e+01 
   431 :  8.7530867e+00  4.0920969e+01 
   432 :  8.3222403e+00  4.0854062e+01 
   433 :  8.2092776e+00  4.0634877e+01 
   434 :  8.4325857e+00  4.0333650e+01 
   435 :  8.4179141e+00  3.9989878e+01 
   436 :  8.4704566e+00  3.9700100e+01 
   437 :  8.4063162e+00  3.9356848e+01 
   438 :  3.3021388e+01  3.4666038e+01 
   439 :  3.3457540e+01  3.4768667e+01 
   440 :  3.3820760e+01  3.4957758e+01 
   441 :  3.3946538e+01  3.5143088e+01 
   442 :  3.4159792e+01  3.5421888e+01 
   443 :  3.4295278e+01  3.5584410e+01 
   444 :  3.3878976e+01  3.5425722e+01 
   445 :  3.3432734e+01  3.5338694e+01 
   446 :  3.2974308e+01  3.5372242e+01 
   447 :  3.2682723e+01  3.5177295e+01 
   448 :  3.2324588e+01  3.4972834e+01 
   449 :  3.2572038e+01  3.4686433e+01 
   450 :  9.0881701e+00  4.1444640e+01 
   451 :  9.3612298e+00  4.1651848e+01 
   452 :  9.4821583e+00  4.2023623e+01 
   453 :  9.5407658e+00  4.2399247e+01 
   454 :  9.4723329e+00  4.2779768e+01 
   455 :  9.3228889e+00  4.2857193e+01 
   456 :  8.9777332e+00  4.2641059e+01 
   457 :  8.6010749e+00  4.2390317e+01 
   458 :  8.6621261e+00  4.2045877e+01 
   459 :  8.7747523e+00  4.1716197e+01 
   460 :  2.4837538e+01  3.4962917e+01 
   461 :  2.5238261e+01  3.4968784e+01 
   462 :  2.5649229e+01  3.5000632e+01 
   463 :  2.6059891e+01  3.5009757e+01 
   464 :  2.6294131e+01  3.5230000e+01 
   465 :  2.5935351e+01  3.5186188e+01 
   466 :  2.5691527e+01  3.5314716e+01 
   467 :  2.5285555e+01  3.5333052e+01 
   468 :  2.4900137e+01  3.5422094e+01 
   469 :  2.4492195e+01  3.5373788e+01 
   470 :  2.4171117e+01  3.5514665e+01 
   471 :  2.3847064e+01  3.5567853e+01 
   472 :  2.3570421e+01  3.5479441e+01 
   473 :  2.3689174e+01  3.5234622e+01 
   474 :  2.4096207e+01  3.5194331e+01 
   475 :  2.4503097e+01  3.5146793e+01 
   476 :  2.4480983e+01  3.7978393e+01 
   477 :  2.4383776e+01  3.8160332e+01 
   478 :  2.4185969e+01  3.8438209e+01 
   479 :  2.3968847e+01  3.8668453e+01 
   480 :  2.3582296e+01  3.8781822e+01 
   481 :  2.3308340e+01  3.9020861e+01 
   482 :  2.3261760e+01  3.8784238e+01 
   483 :  2.3555985e+01  3.8554023e+01 
   484 :  2.3899328e+01  3.8398725e+01 
   485 :  2.4182422e+01  3.8183457e+01 
   486 :  3.0879314e+00  3.9329249e+01 
   487 :  3.3809962e+00  3.9598870e+01 
   488 :  3.1647615e+00  3.9798502e+01 
   489 :  2.8494500e+00  3.9869285e+01 
   490 :  2.4511644e+00  3.9654598e+01 
   491 :  2.7072645e+00  3.9511804e+01 
   492 :  2.6371638e+01  3.8986553e+01 
   493 :  2.6418681e+01  3.9261205e+01 
   494 :  2.6038860e+01  3.9298529e+01 
   495 :  2.6082359e+01  3.9159831e+01 
   496 :  2.7920515e+01  3.5997345e+01 
   497 :  2.8166455e+01  3.6251492e+01 
   498 :  2.7975257e+01  3.6362383e+01 
   499 :  2.7760039e+01  3.6103264e+01 
   500 :  1.9981547e+01  3.9428615e+01 
   501 :  1.9983524e+01  3.9542484e+01 
   502 :  1.9839475e+01  3.9796088e+01 
   503 :  1.9737666e+01  3.9637583e+01 
   504 :  1.5244079e+01  3.6606914e+01 
   505 :  3.0106159e+01  3.1624675e+01 
   506 :  2.1445745e+01  3.6685534e+01 
   507 :  2.0217441e+01  3.2751146e+01 
   508 :  2.6383265e+01  3.4860898e+01 
   509 :  1.7355820e+01  3.8863721e+01 
   510 :  1.5258304e+01  3.2607999e+01 
   511 :  1.6530832e+01  3.8012128e+01 
   512 :  3.5136740e+00  3.9838810e+01 
   513 :  2.3347206e+01  3.5352113e+01 
   514 :  2.9770378e+01  3.5880601e+01 
   515 :  3.8798702e+00  3.9616151e+01 
   516 :  1.4717934e+01  3.6492127e+01 
   517 :  2.5498829e+01  3.5546710e+01 
   518 :  6.0212353e+00  4.2797462e+01 
   519 :  3.1980881e+01  3.4621785e+01 
   520 :  2.7411566e+01  3.1691248e+01 
   521 :  2.1254773e+01  3.3158723e+01 
   522 :  1.9698940e+01  3.9371103e+01 
   523 :  1.2872907e+01  3.8426109e+01 
   524 :  8.1583471e+00  3.9078780e+01 
   525 :  1.4361891e+01  3.3077841e+01 
   526 :  3.2866731e+01  3.4236234e+01 
   527 :  7.9760611e+00  4.0817745e+01 
   528 :  2.0700074e+01  3.8544798e+01 
   529 :  2.5477192e+01  3.4599776e+01 
   530 :  2.7248610e+00  3.9213017e+01 
   531 :  1.3107108e+01  3.3190348e+01 
   532 :  3.4437493e+01  3.2317751e+01 
   533 :  1.1503235e+01  3.5332840e+01 
   534 :  2.5848750e+01  3.9192729e+01 
   535 :  3.1116197e+01  3.1826011e+01 
   536 :  1.2580979e+01  4.1071263e+01 
   537 :  2.3916434e+01  3.4955397e+01 
   538 :  1.7000673e+01  3.1499285e+01 
   539 :  1.2328093e+01  3.8180835e+01 
   540 :  6.1539393e+00  3.7296148e+01 
   541 :  3.9366454e+00  4.0068699e+01 
   542 :  2.4666192e+01  3.8135306e+01 
   543 :  2.4891449e+01  3.7889613e+01 
   544 :  1.0028215e+01  3.9711791e+01 
   545 :  1.8166735e+00  3.6889158e+01 
   546 :  2.5196629e+01  3.2177501e+01 
   547 :  2.2033653e+01  3.3247524e+01 
   548 :  1.1222375e+01  3.3636244e+01 
   549 :  4.3785721e+00  3.9713786e+01 
   550 :  4.5034284e+00  4.0034018e+01 
   551 :  4.9778691e+00  3.9720285e+01 
   552 :  2.7702564e+01  3.5903694e+01 
   553 :  2.7954126e+01  3.5724032e+01 
   554 :  2.4055732e+01  3.5744585e+01 
   555 :  9.9543890e+00  3.7487966e+01 
   556 :  2.8880142e+00  3.7068606e+01 
   557 :  1.4062183e+01  4.0543208e+01 
   558 :  4.3842111e+00  4.0670798e+01 
   559 :  7.7318250e+00  4.0536333e+01 
   560 :  1.4954843e+01  3.9920147e+01 
   561 :  8.5516480e+00  3.8672148e+01 
   562 :  3.4109034e+01  3.4974453e+01 
   563 :  2.7386754e+01  3.6049013e+01 
   564 :  4.9003414e+00  3.7210669e+01 
   565 : -3.6096826e-01  3.7715276e+01 
   566 :  1.9604744e+01  3.2038331e+01 
   567 :  3.6739806e+00  4.2088189e+01 
   568 :  1.1058324e+01  3.7128404e+01 
   569 :  1.3521658e+01  3.6908150e+01 
   570 :  1.0007147e+01  4.1102197e+01 
   571 :  2.3039431e+01  3.3015299e+01 
   572 :  5.1677276e-01  4.0043044e+01 
   573 : -8.7843704e-01  3.7280157e+01 
   574 :  5.0408534e+00  4.3131294e+01 
   575 :  2.4322305e+01  3.2349506e+01 
   576 :  7.3004095e+00  4.1124239e+01 
   577 :  2.0992121e+01  3.7567224e+01 
   578 :  7.5801738e+00  3.7263002e+01 
   579 :  2.8723908e+00  4.1319076e+01 
   580 :  3.4423886e+01  3.5414014e+01 
   581 :  2.4947947e+00  3.9957303e+01 
   582 :  8.2033606e+00  4.2197787e+01 
   583 :  2.9799341e+00  3.8830165e+01 
   584 :  3.2108822e+01  3.4059023e+01 
   585 : -3.0479442e+00  3.5459343e+01 
   586 :  1.7549318e+01  4.2477718e+01 
   587 :  1.3834800e+01  4.4754368e+01 
   588 :  1.5051108e+01  4.4051159e+01 
   589 :  1.7893003e+01  3.1409765e+01 
   590 :  3.2599301e+01  3.1411969e+01 
   591 :  1.4092561e+01  3.8341961e+01 
   592 :  3.1499890e+01  3.5121830e+01 
   593 :  3.5037800e+01  3.3669926e+01 
   594 : -2.2415201e+00  3.6511561e+01 
   595 :  8.0154164e+00  3.9863883e+01 
   596 :  1.1176804e+01  3.6661272e+01 
   597 :  8.9566684e+00  4.2914609e+01 
   598 :  2.6185720e+01  3.8259979e+01 
   599 :  2.6141179e+01  3.7911179e+01 
   600 :  1.5635702e+01  4.2159451e+01 
   601 :  1.2217234e+01  3.8904017e+01 
   602 :  2.4342805e+01  3.8688855e+01 
   603 :  2.8337874e+01  3.1395560e+01 
   604 :  1.5377974e+01  4.3693816e+01 
   605 :  2.3444814e+01  3.6558331e+01 
   606 :  1.7721553e+01  4.1249568e+01 
   607 :  1.1599106e+01  3.6783045e+01 
   608 :  9.2170276e+00  4.3119954e+01 
   609 :  3.2265713e-01  3.8405874e+01 
   610 :  9.4951632e-01  3.8817564e+01 
   611 :  1.8456313e+01  3.9756705e+01 
   612 :  8.9255642e+00  3.7407064e+01 
   613 :  1.1749140e+01  4.1701952e+01 
   614 :  2.5864742e+01  3.9805616e+01 
   615 :  1.8804709e+01  3.0895449e+01 
   616 :  3.1605591e+01  3.6327445e+01 
   617 :  7.4444044e+00  4.3277601e+01 
   618 : -1.0414188e+00  3.6054863e+01 
   619 :  3.8825270e+00  3.7239652e+01 
   620 :  1.0813094e+00  4.0493923e+01 
   621 :  2.6351921e+01  3.1877713e+01 
   622 :  2.7002465e+01  3.2181770e+01 
   623 :  4.6921511e+00  3.9140900e+01 
   624 :  2.0538052e+00  3.9831726e+01 
   625 :  1.4963843e+01  3.8367521e+01 
   626 :  1.4868201e+01  4.2569525e+01 
   627 :  3.5444053e+01  3.4332818e+01 
   628 : -3.8574153e+00  3.6405137e+01 
   629 :  1.6856625e+01  4.3000601e+01 
   630 :  3.1422639e-01  3.6579491e+01 
   631 :  1.8989287e+01  4.1814949e+01 
   632 :  1.2695359e+01  4.4924139e+01 
   633 :  9.1333279e+00  3.8485940e+01 
   634 :  2.3880270e+01  3.7610504e+01 
   635 :  2.3662758e+01  3.8970864e+01 
   636 :  3.4691945e+01  3.5607203e+01 
   637 : -1.9511305e+00  3.5475796e+01 
   638 :  2.5032128e+01  4.0651722e+01 
   639 :  7.1601471e+00  3.7442513e+01 
   640 :  1.5643527e+01  3.2081294e+01 
   641 :  2.7068883e+01  3.7343671e+01 
   642 :  1.6268554e+01  4.1998500e+01 
   643 :  1.7598840e+01  3.9167353e+01 
   644 :  1.3816175e+01  4.3747638e+01 
   645 :  1.1965915e+01  3.7876797e+01 
   646 :  3.2673859e+00  4.0093493e+01 
   647 : -4.7167587e+00  3.5651428e+01 
   648 :  8.1613903e+00  4.1184580e+01 
   649 :  2.6714920e+01  3.5233573e+01 
   650 :  2.7179600e+01  3.4600002e+01 
   651 :  1.9105601e+01  4.1096507e+01 
   652 :  1.5545611e+01  3.9308165e+01 
   653 :  2.0740913e+01  3.7853214e+01 
   654 :  2.0505966e+01  3.7530227e+01 
   655 :  2.0227909e+01  3.7884968e+01 
   656 :  1.9778649e+01  3.7160170e+01 
   657 :  1.8069015e+01  3.8828987e+01 
   658 :  1.0189188e+01  4.3228446e+01 
   659 : -1.6072402e+00  3.6860002e+01 
   660 :  2.5917902e+01  3.5616951e+01 
   661 :  2.5321513e+01  3.6064015e+01 
   662 :  1.6674502e+01  4.1721946e+01 
   663 : -3.1399359e+00  3.6455382e+01 
   664 :  2.3294415e+01  3.9696280e+01 
   665 :  1.0748763e+01  4.2421531e+01 
   666 :  1.1012520e+01  3.4414651e+01 
   667 :  3.4813591e+01  3.5151866e+01 
   668 :  2.3641174e+01  3.5809914e+01 
   669 :  9.8317535e+00  4.2587146e+01 
   670 :  3.3778051e+01  3.1502287e+01 
   671 :  8.6617126e+00  4.3227455e+01 
   672 :  1.1183884e+01  3.5797562e+01 
   673 :  1.1878859e+01  3.5849735e+01 
   674 :  1.2661802e+01  3.4984748e+01 
   675 :  1.2137421e+01  3.3340055e+01 
   676 :  2.5173198e+01  3.8265520e+01 
   677 :  3.4911581e+00  4.2772898e+01 
   678 :  7.8224712e+00  3.7713876e+01 
   679 :  2.4242815e+01  3.7624202e+01 
   680 :  2.9203548e+01  3.5897057e+01 
   681 :  1.3209016e+01  3.9314843e+01 
   682 :  1.9359490e+01  3.9588282e+01 
   683 :  3.5001373e+01  3.6417740e+01 
   684 :  3.5766935e+00  4.1522965e+01 
   685 :  4.6847001e+00  4.1861860e+01 
   686 :  9.5407555e+00  4.2988389e+01 
   687 :  2.7650982e+01  3.6311195e+01 
   688 :  3.3827246e+01  3.4696123e+01 
   689 :  3.4304568e+01  3.4602136e+01 
   690 :  3.4240742e+01  3.6112660e+01 
   691 :  9.4411366e+00  4.3903585e+01 
   692 :  9.8518195e+00  4.1757144e+01 
   693 :  1.4175828e+01  4.3401219e+01 
   694 :  1.5554803e+01  3.7390080e+01 
   695 :  3.3766042e+01  3.4050001e+01 
   696 :  2.4381731e+00  4.1029581e+01 
   697 :  2.3559271e+01  3.9513876e+01 
   698 :  1.2929735e+01  4.4324278e+01 
   699 :  2.8296891e+01  3.5923723e+01 
   700 :  1.6064767e+01  4.2275993e+01 
   701 :  1.8497712e+01  4.2208728e+01 
   702 :  1.7823696e+01  3.9878936e+01 
   703 :  1.9335742e+01  3.1534951e+01 
   704 :  1.0289831e+00  3.7981310e+01 
   705 :  3.9784081e+00  4.3145635e+01 
   706 :  1.0940306e+01  3.3896074e+01 
   707 :  1.1383207e+01  3.3986760e+01 
   708 :  2.3515598e+01  3.6887831e+01 
   709 :  2.4218765e+01  3.6619136e+01 
   710 :  6.5748992e+00  4.2757683e+01 
   711 :  1.0638892e+01  3.7238221e+01 
   712 :  1.0372608e+01  3.7737241e+01 
   713 :  1.3302056e+01  4.4740947e+01 
   714 :  2.8207456e+01  3.6439753e+01 
   715 :  7.9469431e+00  4.2704620e+01 
   716 :  2.3998380e+01  4.0017041e+01 
   717 :  2.4298764e+01  3.9808475e+01 
   718 :  2.4831636e+01  3.9932716e+01 
   719 :  2.4712480e+01  3.9443845e+01 
   720 :  3.2608094e+01  3.5577324e+01 
   721 :  1.9021005e+00  3.9371402e+01 
   722 :  1.5683664e+01  3.8645944e+01 
   723 :  3.0730600e-01  3.9160409e+01 
   724 :  9.5301756e+00  3.7736121e+01 
   725 :  1.2976782e+01  3.7177745e+01 
   726 : -3.7798686e+00  3.5544920e+01 
   727 :  1.4137101e+01  3.6582494e+01 
   728 :  1.4581276e+01  3.5839467e+01 
   729 :  1.3609107e+01  4.0862359e+01 
   730 :  2.4578053e+01  3.5766421e+01 
   731 :  1.4562847e+01  4.4607284e+01 
   732 :  2.4222781e+01  3.7955286e+01 
   733 :  6.2213838e+00  3.9337288e+01 
   734 :  2.4418436e+01  3.4860766e+01 
   735 :  2.3985123e+01  3.4492049e+01 
   736 :  2.5759150e+01  4.0172440e+01 
   737 :  1.8733807e+01  4.0230368e+01 
   738 :  1.8756484e+01  4.0566604e+01 
   739 :  2.8472273e+01  3.6299015e+01 
   740 :  2.9477157e+01  3.1458095e+01 
   741 :  2.9555258e+01  3.2212037e+01 
   742 :  3.5539943e+01  3.5961301e+01 
   743 :  1.7401936e+01  4.0061012e+01 
   744 :  3.2161466e+01  3.5928974e+01 
   745 :  3.4698540e+01  3.3273731e+01 
   746 :  3.4107057e+01  3.2899416e+01 
   747 :  1.6285023e+01  3.1667613e+01 
   748 :  2.3347878e+01  3.6207774e+01 
   749 :  2.2848381e+01  3.6203591e+01 
   750 :  1.0064853e+01  4.0168998e+01 
   751 :  1.0466198e+01  4.0618055e+01 
   752 :  1.0842613e+01  3.9637624e+01 
   753 :  2.5829112e+01  3.2807883e+01 
   754 :  2.3563196e+01  3.2900022e+01 
   755 :  2.5760377e+01  3.9460071e+01 
   756 :  3.4029782e+01  3.5739594e+01 
   757 :  8.2644206e+00  3.7234464e+01 
   758 :  1.3571885e+01  3.8459491e+01 
   759 :  1.4234816e+01  3.8962579e+01 
   760 :  1.2878115e+01  4.5416635e+01 
   761 :  2.4333338e+01  4.0533001e+01 
   762 :  2.8301881e+00  4.0193416e+01 
   763 :  1.6784682e+01  4.2267802e+01 
   764 :  1.1226280e+01  4.2060688e+01 
   765 :  1.0861845e+01  4.1393963e+01 
   766 : -4.4952105e+00  3.6295118e+01 
   767 :  2.1062118e+01  3.8156388e+01 
   768 :  1.4933021e+00  4.0826536e+01 
   769 :  8.6813963e+00  4.1183909e+01 
   770 :  1.8422403e+01  4.1772971e+01 
   771 :  2.8819580e+01  3.1281527e+01 
   772 :  1.9202631e+01  3.8967812e+01 
   773 :  3.5537679e+01  3.4761565e+01 
   774 :  2.3476905e+01  3.9980150e+01 
   775 :  2.6237365e+01  3.8513578e+01 
   776 :  2.5889834e+01  3.8915080e+01 
   777 :  5.2811158e+00  4.2743294e+01 
   778 :  3.3278387e+01  3.5652851e+01 
   779 :  9.8808017e+00  3.8515756e+01 
   780 :  2.0926384e+00  4.0411721e+01 
   781 :  1.1203917e+00  3.9726734e+01 
   782 :  1.6363949e+01  4.3193711e+01 
   783 :  1.5566514e+01  4.3051300e+01 
   784 :  3.0897884e+01  3.6249772e+01 
   785 :  3.0754046e+01  3.5816210e+01 
   786 :  3.0314437e+01  3.5377180e+01 
   787 :  2.8309072e+01  3.5335300e+01 
   788 :  1.2280468e+01  3.7303275e+01 
   789 :  1.9482930e+01  3.0652953e+01 
   790 :  2.6467667e+01  3.5703581e+01 
   791 :  1.0564531e+01  3.4207943e+01 
   792 :  2.8809433e+01  3.3711189e+01 
   793 :  1.0177898e+01  4.2155276e+01 
   794 :  1.3093382e+01  3.6376077e+01 
   795 :  2.4139417e+01  3.9034261e+01 
   796 :  2.7718840e+01  3.6546717e+01 
   797 :  3.1978430e+00  4.0699251e+01 
   798 :  2.7540574e+01  3.5648941e+01 
   799 :  2.1276118e+01  3.7269088e+01 
   800 :  2.1008414e+01  3.6923312e+01 
   801 :  2.0781184e+01  3.6175627e+01 
   802 :  1.8872309e+01  3.5519030e+01 
   803 :  2.0324763e+01  3.4551288e+01 
   804 :  1.5306470e+01  3.8357530e+01 
   805 :  3.5513641e+01  3.5180003e+01 
   806 :  2.6794718e+01  3.7601477e+01 
   807 :  2.6594942e+01  3.7243252e+01 
   808 :  2.5860723e+01  3.7392111e+01 
   809 :  1.7654886e+01  3.6781491e+01 
   810 :  6.1404472e+00  4.2102965e+01 
   811 :  1.4446837e+01  4.4922702e+01 
   812 :  7.3436393e+00  4.2229141e+01 
   813 :  1.8911319e+01  3.9913812e+01 
   814 :  3.0715409e+01  3.4226217e+01 
   815 :  3.1530327e+01  3.3200415e+01 
   816 :  1.4498873e+01  4.3852525e+01 
   817 : -2.6442871e+00  3.5515901e+01 
   818 : -2.3072512e+00  3.5987644e+01 
   819 : -1.1155911e+00  3.6689429e+01 
   820 :  2.6145664e+01  3.4110732e+01 
   821 :  1.9568148e+01  3.1013115e+01 
   822 :  2.3915318e+01  3.6173099e+01 
   823 :  2.3116136e+01  3.5795366e+01 
   824 :  2.2757163e+01  3.5214460e+01 
   825 :  2.2023773e+01  3.5709841e+01 
   826 :  3.8700741e+00  3.8141876e+01 
   827 :  5.5141211e+00  3.7958579e+01 
   828 :  3.5690086e+00  3.9190808e+01 
   829 :  2.5839917e+01  3.8484193e+01 
   830 :  2.5459586e+01  3.8719993e+01 
   831 :  1.1498421e+01  3.4705915e+01 
   832 :  2.3530843e+01  3.7574959e+01 
   833 :  2.3778515e+01  3.7283843e+01 
   834 :  1.5559956e+01  3.8406280e+01 
   835 :  2.5376173e+01  3.9732920e+01 
   836 :  8.7597364e+00  4.3986638e+01 
   837 :  1.4302525e+01  3.9973076e+01 
   838 :  1.8069137e+01  3.9521038e+01 
   839 :  1.9641109e+01  3.9806272e+01 
   840 :  5.3865415e+00  3.7097133e+01 
   841 :  2.1065671e+00  3.8769967e+01 
   842 :  1.5610252e+01  3.6999226e+01 
   843 :  1.6024451e+01  3.6443808e+01 
   844 :  1.6600965e+01  3.4933615e+01 
   845 :  1.6128455e+01  3.2576244e+01 
   846 :  1.8365398e+01  3.3705730e+01 
   847 :  1.5592703e+01  3.3499642e+01 
   848 :  2.7887489e+01  3.1493017e+01 
   849 :  2.8335014e+01  3.2091010e+01 
   850 :  1.9746441e+01  3.2489064e+01 
   851 :  1.8796498e+01  3.2268865e+01 
   852 : -3.1316118e+00  3.5901640e+01 
   853 :  1.1161709e+01  3.6292606e+01 
   854 :  2.4427857e+01  3.3017756e+01 
   855 :  8.1839929e+00  4.1738566e+01 
   856 :  1.4279429e+01  3.4282728e+01 
   857 :  1.6974831e+01  3.9827521e+01 
   858 :  2.0675922e+01  3.8214844e+01 
   859 :  2.0312497e+01  3.8443022e+01 
   860 :  2.0504512e+01  3.8813727e+01 
   861 :  1.9996882e+01  3.8954063e+01 
   862 :  3.4438233e+01  3.5806456e+01 
   863 :  3.4900524e+01  3.6003734e+01 
   864 :  3.4268036e+01  3.5212818e+01 
   865 :  3.4222657e+01  3.1828077e+01 
   866 :  3.1537669e+01  3.5815554e+01 
   867 :  1.5783833e+01  3.8949320e+01 
   868 :  1.8440312e+01  4.1046955e+01 
   869 :  1.5393344e+01  3.9722034e+01 
   870 :  2.3030828e+01  3.8989321e+01 
   871 :  2.4806142e+01  4.0333187e+01 
   872 :  1.9071942e+01  4.1492629e+01 
   873 :  2.5595167e+01  3.1905351e+01 
   874 :  1.0388264e+01  4.2917060e+01 
   875 :  1.9429448e+01  3.9968743e+01 
   876 :  9.7868296e+00  4.3403384e+01 
   877 :  2.7615229e+01  3.6877427e+01 
   878 :  2.7266798e+01  3.6814736e+01 
   879 :  2.6286435e+01  3.6507921e+01 
   880 :  2.7213370e+01  3.6503532e+01 
   881 :  2.4862084e+01  3.2474908e+01 
   882 :  2.3555148e+01  3.9245326e+01 
   883 :  1.7453784e+01  3.9592450e+01 
   884 :  9.7870647e+00  4.1416079e+01 
   885 :  1.5623584e+01  3.7973087e+01 
   886 :  3.5042680e+01  3.4500340e+01 
   887 :  5.7537582e+00  4.1019602e+01 
   888 :  2.3791291e+01  3.9794575e+01 
   889 :  2.6578601e+01  3.8870161e+01 
   890 :  2.2926747e+01  3.4362273e+01 
   891 :  2.5394583e+01  3.9164159e+01 
   892 :  1.3772765e+01  4.4278725e+01 
   893 :  7.7825507e+00  3.9448529e+01 
   894 :  3.3833554e+01  3.5991262e+01 
   895 :  2.2804446e+01  3.6567832e+01 
   896 :  2.7275765e+01  3.7162679e+01 
   897 :  1.3288650e+01  4.5475114e+01 
   898 :  1.4921087e+01  3.9419951e+01 
   899 :  2.4889819e+01  3.3926642e+01 
   900 :  1.1941111e+01  3.3970698e+01 
   901 :  1.2860428e+01  3.3780404e+01 
   902 :  2.4598165e+01  3.8430651e+01 
   903 :  1.5566840e+01  4.3463722e+01 
   904 :  1.4961913e+01  4.3433979e+01 
   905 :  2.5485735e+01  3.7832596e+01 
   906 :  2.5155529e+01  3.7004502e+01 
   907 :  1.3384715e+01  4.0335184e+01 
   908 :  1.5179443e+01  3.8736230e+01 
   909 :  1.9675463e+01  3.8235940e+01 
   910 :  1.0054047e+01  3.9212708e+01 
   911 :  1.0681772e+01  3.8571557e+01 
   912 :  1.4160940e+01  4.4710280e+01 
   913 :  1.3644322e+01  3.3315002e+01 
   914 :  4.4254832e+00  3.7355139e+01 
   915 :  1.7420088e+01  3.2238511e+01 
   916 :  1.4498530e+01  4.2960217e+01 
   917 :  2.7017136e+01  3.5720885e+01 
   918 :  9.3108632e+00  3.8885957e+01 
   919 :  1.7490546e+01  4.1862041e+01 
   920 :  2.1555683e+01  3.8307334e+01 
   921 :  2.3105883e+01  3.9978988e+01 
   922 :  1.8032954e+01  4.2260762e+01 
   923 : -4.8843921e+00  3.6008886e+01 
   924 :  8.6056009e+00  3.7960945e+01 
   925 :  1.7207316e+01  4.1393020e+01 
   926 :  3.4589365e+01  3.6417445e+01 
   927 :  1.7109255e+01  3.7717418e+01 
   928 : -2.6749954e+00  3.6316485e+01 
   929 : -3.3701181e+00  3.5473727e+01 
   930 :  1.3145522e+01  4.5167790e+01 
   931 : -3.6052181e-01  3.6813672e+01 
   932 :  1.0537426e+01  3.6987436e+01 
   933 :  2.6251613e+01  3.9424357e+01 
   934 :  3.1020482e+01  3.6590708e+01 
   935 :  7.4958562e+00  3.8464121e+01 
   936 : -4.3278534e+00  3.5484652e+01 
   937 : -4.1428103e+00  3.5928354e+01 
   938 :  1.2085875e+01  4.0328061e+01 
   939 :  1.9646768e+01  3.3201111e+01 
   940 :  2.1763310e+01  3.4030251e+01 
   941 :  3.5313344e+01  3.5561642e+01 
   942 :  1.2581933e+01  4.5247926e+01 
   943 :  3.3166160e+01  3.1473926e+01 
   944 :  3.2687791e+01  3.2011110e+01 
   945 :  2.4870891e+01  3.4613980e+01 
   946 :  1.2740812e+00  3.7014338e+01 
   947 :  2.3288082e+00  3.7623614e+01 
   948 :  2.5135855e+01  3.5620990e+01 
   949 :  1.7106156e+01  4.2713990e+01 
   950 :  2.0681538e+01  3.3211897e+01 
   951 : -3.7401597e-02  3.8045469e+01 
   952 :  3.0229575e+01  3.5919739e+01 
   953 :  2.3450407e+01  3.4947797e+01 
   954 :  3.3452926e+00  3.7229247e+01 
   955 :  1.4764057e+01  4.4283107e+01 
   956 : -6.0616574e-01  3.6214532e+01 
   957 : -8.3751006e-02  3.6241254e+01 
   958 :  1.4547240e+01  4.0396360e+01 
   959 :  2.0934111e-01  3.9585365e+01 
   960 :  4.6100425e+00  4.3064837e+01 
   961 :  2.3562059e+01  3.3615061e+01 
   962 :  9.9376823e+00  4.2935222e+01 
   963 :  5.3394941e+00  4.0199114e+01 
   964 :  6.5787857e+00  3.7589644e+01 
   965 :  1.2669995e+01  4.4629140e+01 
   966 :  2.2204496e+00  3.6921368e+01 
   967 :  3.0564564e+01  3.2552189e+01 
   968 :  2.4649943e+01  3.7674914e+01 
   969 :  2.6369595e+01  4.0551064e+01 
   970 :  3.2867018e+01  3.3154355e+01 
   971 :  3.0752686e-01  3.7300219e+01 
   972 :  3.5389864e+01  3.6311075e+01 
   973 :  2.2600742e+01  3.3344247e+01 
   974 :  2.4670096e+01  4.0666553e+01 
   975 :  1.2637062e+01  3.3158777e+01 
   976 :  2.2711142e+01  3.6417008e+01 
   977 :  3.5212020e+01  3.4048286e+01 
   978 :  3.4640122e+01  3.4060129e+01 
   979 :  3.2992163e+01  3.5807980e+01 
   980 :  7.5602635e-01  3.6761720e+01 
   981 :  4.1865904e+00  4.2558418e+01 
   982 :  2.7021185e+01  3.6960292e+01 
   983 :  2.2802066e+01  3.8173179e+01 
   984 :  1.9039756e+01  4.0818064e+01 
   985 :  2.1650765e+01  3.3242341e+01 
   986 :  1.6346677e+01  4.2717848e+01 
   987 : -4.2234544e-01  3.7375712e+01 
   988 :  2.6769668e+01  3.8574251e+01 
   989 :  1.1262461e+01  3.7658102e+01 
   990 :  1.7240483e+01  3.8378947e+01 
   991 :  5.8254635e+00  3.7173436e+01 
   992 :  2.1763240e+01  3.6380251e+01 
   993 :  2.2190018e+01  3.6545255e+01 
   994 :  2.2355737e+01  3.6304239e+01 
   995 :  3.1723645e+01  3.2238396e+01 
   996 :  2.4024052e+01  3.9465238e+01 
   997 :  2.6225886e+01  3.8752344e+01 
   998 : -1.6487395e+00  3.6256844e+01 
   999 :  2.2394628e+01  3.8222141e+01 
  1000 :  3.5647539e+00  4.2431509e+01 
  1001 :  2.3391420e+01  3.7781878e+01 
  1002 :  1.5202330e+01  4.2220806e+01 
  1003 :  7.1328944e+00  4.2960497e+01 
  1004 :  2.0756046e+01  3.7276848e+01 
  1005 :  2.6586288e+01  3.9078018e+01 
  1006 :  1.8437638e+01  3.1230866e+01 
  1007 :  2.5916702e+01  3.4722046e+01 
  1008 :  2.6583023e+01  3.7888000e+01 
  1009 :  2.6381333e+01  3.7609600e+01 
  1010 :  7.9680241e+00  4.0223016e+01 
  1011 :  7.0065498e+00  4.0186455e+01 
  1012 :  1.1570336e+01  3.3503407e+01 
  1013 :  9.1003811e+00  4.3528048e+01 
  1014 :  2.5794254e+01  3.8116472e+01 
  1015 :  3.2154243e+01  3.5394764e+01 
  1016 :  2.6930294e+01  3.7840534e+01 
  1017 :  1.1579010e+01  3.8487979e+01 
  1018 : -1.3195371e+00  3.7230807e+01 
  1019 :  1.9259378e+00  4.0949158e+01 
  1020 :  2.8799933e+01  3.6461563e+01 
  1021 :  1.2070741e+01  4.1291280e+01 
  1022 :  2.4849834e+01  3.8825554e+01 
  1023 :  8.3383917e+00  4.3659714e+01 
  1024 :  2.3871586e+01  3.2491100e+01 
  1025 :  2.3442982e+01  3.2499857e+01 
  1026 :  1.5588292e+01  4.2516645e+01 
  1027 :  1.1237727e+00  4.0815309e+01 
  1028 :  2.5381133e+01  4.0520822e+01 
  1029 :  1.0848829e+01  3.6046493e+01 
  1030 :  1.8446259e+01  3.7942258e+01 
  1031 :  1.0272033e+01  4.2577990e+01 
  1032 :  1.8741460e+01  3.9454731e+01 
  1033 :  2.2100453e+01  3.6863987e+01 
  1034 :  1.6257980e+01  3.7389100e+01 
  1035 :  2.9439069e+01  3.5188962e+01 
  1036 :  1.7420363e+01  3.1418014e+01 
  1037 :  1.5082105e+01  4.3816422e+01 
  1038 :  2.4527406e+01  3.7313413e+01 
  1039 :  1.0517074e+01  3.3911632e+01 
  1040 :  1.4535724e+01  3.8409205e+01 
  1041 :  2.6583130e+01  3.9390211e+01 
  1042 :  2.5091848e+01  3.7555835e+01 
  1043 :  8.2460562e+00  3.8862406e+01 
  1044 :  8.5437355e+00  4.1466463e+01 
  1045 :  8.5172276e+00  4.2900630e+01 
  1046 :  2.4060315e+00  3.9315792e+01 
  1047 :  2.8407528e+01  3.6581415e+01 
  1048 :  1.3010880e+01  4.0878643e+01 
  1049 :  2.6890374e+01  3.6114389e+01 
  1050 :  3.3645096e+01  3.2182145e+01 
  1051 :  2.7278474e+01  3.5337846e+01 
  1052 :  3.3645448e+01  3.5724385e+01 
  1053 :  9.3362962e+00  4.1345857e+01 
  1054 :  2.5540001e+00  3.7021478e+01 
  1055 :  2.5237836e+01  4.0101182e+01 
  1056 :  9.1254300e+00  4.4115805e+01 
  1057 :  1.6899702e+01  3.3354945e+01 
  1058 :  2.8780364e+01  3.6083498e+01 
  1059 :  2.7069090e+01  3.3374037e+01 
  1060 :  1.0627509e+01  4.2693507e+01 
  1061 :  1.9091430e+01  3.0630784e+01 
  1062 :  1.5651230e+01  3.7687254e+01 
  1063 :  7.9419806e+00  4.3372163e+01 
  1064 :  2.3074592e+01  3.7320326e+01 
  1065 :  2.3277859e+01  3.7142980e+01 
Number of triangles 1646 
     0 :    510    525    122 
     1 :    639    158    157 
     2 :    738    332    331 
     3 :    858    767    340 
     4 :    940    950    521 
     5 :    494    933      1 
     6 :    811    311    310 
     7 :    954    947    556 
     8 :    857    275    274 
     9 :    528    858    340 
    10 :    755    494      1 
    11 :    639    157    156 
    12 :    621    873     85 
    13 :    715   1063    617 
    14 :    757    153    152 
    15 :    743    276    275 
    16 :     47     45     48 
    17 :    685    684    558 
    18 :    976    994    749 
    19 :    771     78     77 
    20 :    732    679    476 
    21 :    679    968    476 
    22 :    730    554    470 
    23 :     47     46     45 
    24 :    663    196    195 
    25 :    769    432    431 
    26 :    834    265    264 
    27 :    788    794    725 
    28 :    833   1038    679 
    29 :    740    771     77 
    30 :    646    489    488 
    31 :    934     34     33 
    32 :    985    940    521 
    33 :    727    418    417 
    34 :    888    774    664 
    35 :    498    714     23 
    36 :    921    383    380 
    37 :    853    673    607 
    38 :    756    862    690 
    39 :    747    845    640 
    40 :    969    398    397 
    41 :    930    309    308 
    42 :    737    813    332 
    43 :    767    341    340 
    44 :    535    967     73 
    45 :    796    498     23 
    46 :   1014    829    676 
    47 :    703   1006    615 
    48 :    993    357    355 
    49 :    965    713    632 
    50 :    662    288    286 
    51 :    593    745     57 
    52 :    677    705    224 
    53 :   1028    396    395 
    54 :    660    465    464 
    55 :    865     62     61 
    56 :    738    737    332 
    57 :    757    155    154 
    58 :    699    497    496 
    59 :    637    181    180 
    60 :    861    336    500 
    61 :    979     39     38 
    62 :    689    667    562 
    63 :    679    732    370 
    64 :    495    776    492 
    65 :   1007    508    463 
    66 :    906    879    808 
    67 :    825    940    824 
    68 :    640    119    118 
    69 :    997    829    775 
    70 :    607    568    145 
    71 :   1051    917    649 
    72 :    628    194    193 
    73 :    829    997    776 
    74 :    813    875    332 
    75 :    823    513    472 
    76 :    673    794    607 
    77 :    706    133    132 
    78 :    758    411    410 
    79 :    892    955    731 
    80 :    856    913    525 
    81 :    841    721    610 
    82 :    743    277    276 
    83 :    747    640    118 
    84 :    711    149    148 
    85 :   1003    715    617 
    86 :    357   1033    355 
    87 :    752   1017    601 
    88 :   1006    851    589 
    89 :    747    116    115 
    90 :    828    623    515 
    91 :    391    390    389 
    92 :   1005      5      4 
    93 :    687    499    498 
    94 :   1039    135    134 
    95 :    960    777    574 
    96 :    894    756    690 
    97 :    730    822    554 
    98 :    528    340    339 
    99 :    826    954    619 
   100 :    581    490    489 
   101 :    925    662    285 
   102 :    503    522    500 
   103 :    921    384    383 
   104 :    912    892    731 
   105 :    978    745    593 
   106 :    885    405    404 
   107 :   1065    362    361 
   108 :    744    720     37 
   109 :    523    539    412 
   110 :    849   1059    622 
   111 :    338    337    339 
   112 :    769    648    432 
   113 :   1042    906    808 
   114 :   1018    201    200 
   115 :    616    744     36 
   116 :    826    828    583 
   117 :    910    752    544 
   118 :    616     36     35 
   119 :    701    326    325 
   120 :    669    454    453 
   121 :    538    747    115 
   122 :    774    385    384 
   123 :    908   1040    625 
   124 :    686    876    608 
   125 :   1001    832    369 
   126 :    929    852    726 
   127 :    857    743    275 
   128 :    767    350    341 
   129 :    864    442    441 
   130 :    940    825    803 
   131 :    848    849    520 
   132 :    895    359    358 
   133 :    766    628    193 
   134 :    862    756    443 
   135 :    746    745    695 
   136 :    575     90     89 
   137 :    383    382    381 
   138 :    833    679    634 
   139 :    798    787    553 
   140 :    796     22     21 
   141 :    691    876    241 
   142 :    569    727    417 
   143 :    725    416    415 
   144 :    934    616     34 
   145 :    969    399    398 
   146 :    803    825    801 
   147 :    858    859    655 
   148 :    549    541    515 
   149 :    852    663    628 
   150 :    482    870    374 
   151 :   1047     24     23 
   152 :    736    399    396 
   153 :    716    388    386 
   154 :    592    814    519 
   155 :   1001    369    368 
   156 :    934    784    616 
   157 :    938    752    601 
   158 :    856    844    728 
   159 :    541    512    515 
   160 :    917   1051    798 
   161 :    628    663    195 
   162 :    706   1039    133 
   163 :    843    844    809 
   164 :    789    107    106 
   165 :    717    718    388 
   166 :    712    724    555 
   167 :    791    706    666 
   168 :   1002    292    291 
   169 :    933    494    493 
   170 :    947    946    545 
   171 :    860    337    336 
   172 :    860    861    859 
   173 :    632    942    302 
   174 :    729    557    254 
   175 :    549    550    541 
   176 :    935    964    639 
   177 :    637    817    181 
   178 :    522    861    500 
   179 :    612    757    152 
   180 :    481    882    377 
   181 :    640    510    120 
   182 :    730    470    469 
   183 :    839    502    333 
   184 :    866    785    592 
   185 :    990    270    269 
   186 :    998    637    177 
   187 :    774    888    385 
   188 :    870    482    481 
   189 :    684    797    558 
   190 :   1061    821    615 
   191 :    758    523    411 
   192 :    835    891    755 
   193 :    785    786    592 
   194 :    817    182    181 
   195 :    659   1018    200 
   196 :    732    485    371 
   197 :    795    882    635 
   198 :    880    796     21 
   199 :    821    703    615 
   200 :    827    991    540 
   201 :    607    989    568 
   202 :   1056    836    691 
   203 :    844    843    728 
   204 :    728    843    504 
   205 :    725    569    416 
   206 :    967    792    741 
   207 :    721    781    610 
   208 :    994    993    992 
   209 :    839    875    682 
   210 :    597    456    455 
   211 :    684    220    219 
   212 :    688    562    440 
   213 :    798    553    552 
   214 :    590    944     70 
   215 :    972     45     44 
   216 :    764    248    247 
   217 :    932    147    146 
   218 :    832    634    369 
   219 :    917    798    563 
   220 :    459   1044    450 
   221 :    967    814    792 
   222 :    973    940    547 
   223 :    872    328    327 
   224 :    932    711    148 
   225 :    856    847    844 
   226 :    804    406    405 
   227 :    829    830    676 
   228 :    842    402    401 
   229 :    835    755    614 
   230 :    725    794    569 
   231 :    915    845    747 
   232 :    637    179    178 
   233 :    882    378    377 
   234 :    773    805    667 
   235 :    917   1049    790 
   236 :    883    272    271 
   237 :    533    672    140 
   238 :    892    298    297 
   239 :    809    844    802 
   240 :    876    242    241 
   241 :    723    209    208 
   242 :    979    778     39 
   243 :    835   1055    718 
   244 :    658    874    243 
   245 :   1039    791    135 
   246 :    577    799    352 
   247 :    781    723    610 
   248 :    699    739    497 
   249 :    885    266    265 
   250 :    747    118    117 
   251 :    750    426    425 
   252 :    827    914    564 
   253 :    787   1051    650 
   254 :    720    979     37 
   255 :    930    942    632 
   256 :    811    312    311 
   257 :    614    755      1 
   258 :    761    392    391 
   259 :    846    803    802 
   260 :    964    935    827 
   261 :    841    947    583 
   262 :    773    627     54 
   263 :    756    444    443 
   264 :   1043    935    561 
   265 :    808   1009    599 
   266 :   1059    849    792 
   267 :    695    439    438 
   268 :    563    798    552 
   269 :    847    856    525 
   270 :   1041      3      2 
   271 :    713    965    698 
   272 :    664    379    378 
   273 :    955    315    314 
   274 :    926     43     42 
   275 :    988      7      6 
   276 :    660    466    465 
   277 :    990    509    270 
   278 :    797    646    541 
   279 :   1001    367    366 
   280 :    999    344    343 
   281 :    990    269    268 
   282 :    972     48     45 
   283 :    670     64     63 
   284 :    729    254    253 
   285 :    544    750    425 
   286 :   1046    491    490 
   287 :    791    136    135 
   288 :    767    351    350 
   289 :    734    475    474 
   290 :    767    858    653 
   291 :    875    333    332 
   292 :   1063    715   1045 
   293 :    959    211    210 
   294 :    844    846    802 
   295 :    775    829    598 
   296 :    920    349    342 
   297 :   1008     12     11 
   298 :    943     66     65 
   299 :    957    175    174 
   300 :   1002    626    292 
   301 :    976    895    358 
   302 :    859    858    528 
   303 :    677    224    223 
   304 :    836   1023   1013 
   305 :    788    414    413 
   306 :    399    969    396 
   307 :    618    998    177 
   308 :    713    930    632 
   309 :    742     49     48 
   310 :    802    801    656 
   311 :    861    909    859 
   312 :    767    653    351 
   313 :    960    228    227 
   314 :   1064    363    362 
   315 :    688    440    439 
   316 :    874    244    243 
   317 :   1014    905    599 
   318 :    604    317    316 
   319 :    877     20     18 
   320 :    824    953    513 
   321 :    917    790    649 
   322 :   1016     14     13 
   323 :    923    189    188 
   324 :    714   1047     23 
   325 :    814    584    519 
   326 :    537    734    474 
   327 :    697    888    664 
   328 :    731    314    313 
   329 :    557    958    255 
   330 :    995     71     70 
   331 :    802    803    801 
   332 :   1065    833    365 
   333 :    799    353    352 
   334 :    875    813    682 
   335 :    554    668    471 
   336 :    829   1014    598 
   337 :    653    577    351 
   338 :    532    865     61 
   339 :    994    825    749 
   340 :    968    543    476 
   341 :    836    238    237 
   342 :    941     51     50 
   343 :    791   1039    706 
   344 :   1003    233    232 
   345 :   1047   1020     25 
   346 :    702    838    279 
   347 :    860    339    337 
   348 :    906    709    661 
   349 :    724    151    150 
   350 :   1053    451    450 
   351 :    773     54     53 
   352 :    614      1      0 
   353 :    796    880    687 
   354 :   1045    457    456 
   355 :    792    849    741 
   356 :    707    831    666 
   357 :    749    748    360 
   358 :    887    685    558 
   359 :    579    684    219 
   360 :   1034    511    266 
   361 :   1010    434    433 
   362 :    577    352    351 
   363 :    814   1035    792 
   364 :    848     82     81 
   365 :    768   1027    620 
   366 :    783    916    626 
   367 :    596    145    144 
   368 :   1032    838    657 
   369 :    689    886    667 
   370 :    936    187    186 
   371 :    745    978    695 
   372 :   1015    448    447 
   373 :    942    303    302 
   374 :    964    827    540 
   375 :    851   1006    703 
   376 :   1000    222    221 
   377 :    923    191    189 
   378 :    680    514     28 
   379 :    947   1054    556 
   380 :    644    892    297 
   381 :    698    300    299 
   382 :    811    313    312 
   383 :    846    939    803 
   384 :    730    948    661 
   385 :    897    308    307 
   386 :    706    707    666 
   387 :    620    214    213 
   388 :    947    954    826 
   389 :    809    802    656 
   390 :    930    713    309 
   391 :    942    930    760 
   392 :    738    282    281 
   393 :    988      9      8 
   394 :    782    320    319 
   395 :   1016    806     14 
   396 :    758    410    409 
   397 :    526    695    438 
   398 :    923    192    191 
   399 :    806    641     14 
   400 :    774    921    664 
   401 :    947    826    583 
   402 :   1012    130    129 
   403 :    761    389    388 
   404 :   1044    769    450 
   405 :    849    771    740 
   406 :    724    612    151 
   407 :    727    419    418 
   408 :    893    935    524 
   409 :    668    823    472 
   410 :    867    262    261 
   411 :    652    908    867 
   412 :    897    307    306 
   413 :   1062    404    403 
   414 :    868    283    282 
   415 :    491    530    486 
   416 :    733    963    551 
   417 :    858    655    653 
   418 :    828    487    486 
   419 :    594    199    198 
   420 :    548    706    132 
   421 :    705    227    226 
   422 :    792    787    650 
   423 :    748    605    360 
   424 :    760    305    304 
   425 :    675   1012    129 
   426 :    879    906    661 
   427 :    811    731    313 
   428 :    718    871    388 
   429 :    780    768    620 
   430 :    737    281    280 
   431 :    702    279    278 
   432 :    830    829    776 
   433 :    751    428    427 
   434 :   1039    134    133 
   435 :    508    464    463 
   436 :    623    549    515 
   437 :    849    622    520 
   438 :    950    940    803 
   439 :    748    823    668 
   440 :    894    690     40 
   441 :    517    467    466 
   442 :    974    393    392 
   443 :    870    375    374 
   444 :   1048    252    251 
   445 :    709    730    661 
   446 :   1028    736    396 
   447 :    795    635    479 
   448 :    853    144    143 
   449 :    900    831    707 
   450 :    512    646    488 
   451 :    769    430    450 
   452 :    646    762    489 
   453 :    782    629    320 
   454 :    915   1036    589 
   455 :    778   1052     39 
   456 :    437    524    420 
   457 :    578    156    155 
   458 :    561    421    420 
   459 :   1054    168    167 
   460 :    928    594    197 
   461 :    777    230    229 
   462 :    631    872    327 
   463 :    681    938    601 
   464 :    870    481    377 
   465 :    635    481    480 
   466 :    764    613    248 
   467 :    893    437    436 
   468 :    792   1035    787 
   469 :    722    264    263 
   470 :    761    974    392 
   471 :    753    881    546 
   472 :    905   1042    808 
   473 :    873    753    546 
   474 :    855    812    576 
   475 :    753    873    621 
   476 :    956    176    175 
   477 :    918    779    423 
   478 :    897    306    305 
   479 :    840    991    827 
   480 :    506    355    354 
   481 :    872    329    328 
   482 :    955    588    315 
   483 :    985     98     97 
   484 :    848    520     82 
   485 :    921    774    384 
   486 :    840    827    564 
   487 :     21    877     17 
   488 :    878     21     17 
   489 :    540    159    158 
   490 :   1029    143    142 
   491 :    776    997    492 
   492 :    719    835    718 
   493 :    736    835    614 
   494 :   1041      4      3 
   495 :      9    988      6 
   496 :    800   1004    656 
   497 :   1020     27     26 
   498 :    870    376    375 
   499 :    939    950    803 
   500 :    886    773    667 
   501 :    905    808    599 
   502 :    911   1017    752 
   503 :   1021    938    536 
   504 :    580    636    443 
   505 :    543    542    476 
   506 :    574    229    228 
   507 :    693    644    296 
   508 :    894     40     39 
   509 :    825    823    749 
   510 :    960    574    228 
   511 :    926    683     43 
   512 :    539    413    412 
   513 :    710    232    231 
   514 :    509    271    270 
   515 :    558    797    541 
   516 :    822    730    709 
   517 :    698    965    300 
   518 :    889      9      6 
   519 :    959    572    211 
   520 :    912    811    310 
   521 :    943     67     66 
   522 :    632    302    301 
   523 :    983    347    346 
   524 :   1020     26     25 
   525 :    704    841    610 
   526 :    871    761    388 
   527 :   1057    846    844 
   528 :   1028    395    394 
   529 :    611    280    279 
   530 :    583    828    486 
   531 :    505     75     74 
   532 :    779    910    423 
   533 :   1058    787    680 
   534 :   1030    909    772 
   535 :    995    535     71 
   536 :   1060    245    244 
   537 :    984    331    330 
   538 :    690     41     40 
   539 :    949    322    321 
   540 :   1016     13     12 
   541 :    848     81     80 
   542 :    905   1014    676 
   543 :    875    839    333 
   544 :    582    458    457 
   545 :    696    218    217 
   546 :    828    826    623 
   547 :    938   1021    765 
   548 :    636    862    443 
   549 :    594    998    199 
   550 :    631    327    326 
   551 :    546     89     88 
   552 :    948    730    468 
   553 :    600    290    289 
   554 :    602    479    478 
   555 :    641     15     14 
   556 :    574    777    229 
   557 :    644    297    296 
   558 :    914    826    619 
   559 :    984    738    331 
   560 :    419    516    400 
   561 :    766    193    192 
   562 :   1008   1009    806 
   563 :    884    765    692 
   564 :    963    887    558 
   565 :    610    723    207 
   566 :    836   1056    238 
   567 :    781    959    723 
   568 :    751    570    428 
   569 :    828    515    487 
   570 :   1055    835    736 
   571 :    692    452    451 
   572 :    642    289    288 
   573 :    695    688    439 
   574 :    821    105    104 
   575 :    627     55     54 
   576 :    761    391    389 
   577 :    799    354    353 
   578 :    519    449    448 
   579 :    968   1042    543 
   580 :    721   1046    490 
   581 :    902    478    477 
   582 :    651    872    868 
   583 :    514     29     28 
   584 :    896     16     15 
   585 :    922    324    323 
   586 :    831    139    138 
   587 :    513    473    472 
   588 :    762    581    489 
   589 :    790    660    464 
   590 :    862    863    690 
   591 :    871    974    761 
   592 :    730    469    468 
   593 :    703    104    103 
   594 :    855    459    458 
   595 :    957    174    173 
   596 :    982    896    641 
   597 :    786    814    592 
   598 :    923    766    192 
   599 :    554    471    470 
   600 :    832    833    634 
   601 :    635    882    481 
   602 :    512    488    487 
   603 :    951    205    204 
   604 :    659    200    199 
   605 :    992    993    355 
   606 :   1046    530    491 
   607 :    518    231    230 
   608 :    918    422    421 
   609 :    945    461    460 
   610 :    504    401    400 
   611 :    743    278    277 
   612 :    796     23     22 
   613 :    510    121    120 
   614 :    625    407    406 
   615 :    680     28     27 
   616 :    548    132    131 
   617 :    724    779    633 
   618 :    775     10      9 
   619 :    951    206    205 
   620 :    653    654    577 
   621 :    573    203    202 
   622 :    891    835    719 
   623 :    856    728    674 
   624 :    535     72     71 
   625 :    765    793    692 
   626 :    850    102    101 
   627 :    870    377    376 
   628 :    965    301    300 
   629 :    793    669    453 
   630 :    822    748    668 
   631 :    769    431    430 
   632 :    957    956    175 
   633 :   1012    131    130 
   634 :    921    380    379 
   635 :   1034    843    809 
   636 :    683     44     43 
   637 :    926     42     41 
   638 :    712    555    149 
   639 :    940    985    547 
   640 :   1007    820    508 
   641 :   1011    893    595 
   642 :    892    912    587 
   643 :    657    838    643 
   644 :    909    656    655 
   645 :    619    165    164 
   646 :   1009    808    807 
   647 :    608    597    455 
   648 :    787   1058    699 
   649 :    863    926    690 
   650 :    960    981    777 
   651 :    962    686    454 
   652 :    811    912    731 
   653 :   1047     25     24 
   654 :    857    273    272 
   655 :    793    453    452 
   656 :    916    295    294 
   657 :    997    889    492 
   658 :    744   1015    720 
   659 :    975    128    127 
   660 :    639    964    158 
   661 :   1063    235    234 
   662 :   1042    905    543 
   663 :    556    167    166 
   664 :    629    321    320 
   665 :    564    163    162 
   666 :    938    765    751 
   667 :    744     37     36 
   668 :    967    815    814 
   669 :    668    472    471 
   670 :    781    620    572 
   671 :    784     31     30 
   672 :    672    141    140 
   673 :    686    608    455 
   674 :    910    911    752 
   675 :    889    997      9 
   676 :    888    716    385 
   677 :    743    702    278 
   678 :   1030    990    927 
   679 :    956    819    618 
   680 :    399    736      0 
   681 :    979     38     37 
   682 :   1024     92     91 
   683 :    851    915    589 
   684 :    670    943     65 
   685 :    857    274    273 
   686 :    618    177    176 
   687 :    740     76     75 
   688 :    788    989    607 
   689 :    757    154    153 
   690 :    669    962    454 
   691 :   1016   1008    806 
   692 :    678    935    639 
   693 :    974    638    393 
   694 :   1018    819    573 
   695 :    687    880    563 
   696 :    773     53     52 
   697 :   1061    110    109 
   698 :    916    294    293 
   699 :    570    429    428 
   700 :   1052    445    444 
   701 :    998    659    199 
   702 :    586    323    322 
   703 :    973     96     95 
   704 :    728    794    674 
   705 :   1059    792    650 
   706 :   1023    236    235 
   707 :    918    423    422 
   708 :    940    890    824 
   709 :    865    670     63 
   710 :    966    169    168 
   711 :    946    171    170 
   712 :    842    694    402 
   713 :    980    172    171 
   714 :    531    126    125 
   715 :    847   1057    844 
   716 :   1005    493    492 
   717 :   1038    833    709 
   718 :    769   1044    648 
   719 :    778    446    445 
   720 :    868    770    606 
   721 :    994    976    358 
   722 :    820   1007    529 
   723 :    913    125    124 
   724 :    837    907    681 
   725 :    527    433    432 
   726 :   1047    739   1020 
   727 :    927   1034    809 
   728 :   1056    239    238 
   729 :    557    255    254 
   730 :    588    316    315 
   731 :    840    162    161 
   732 :    822    668    554 
   733 :    566    103    102 
   734 :   1001    368    367 
   735 :    840    161    160 
   736 :    651    330    329 
   737 :    808    879    807 
   738 :    972    742     48 
   739 :    720   1015    447 
   740 :    658    243    242 
   741 :    908    722    867 
   742 :    932    148    147 
   743 :    691    240    239 
   744 :    827    935    733 
   745 :    942    304    303 
   746 :    892    698    298 
   747 :   1055    871    718 
   748 :    910    424    423 
   749 :    999    347    344 
   750 :    925    285    284 
   751 :    945    899    529 
   752 :    537    474    473 
   753 :    568    146    145 
   754 :    924    757    612 
   755 :    929    184    183 
   756 :    966    947    545 
   757 :    649    790    464 
   758 :    708   1065    361 
   759 :    970    695    526 
   760 :    976    749    360 
   761 :    612    152    151 
   762 :   1025     93     92 
   763 :   1007    463    462 
   764 :    873     87     86 
   765 :    836    237    236 
   766 :    962    876    686 
   767 :   1006    112    111 
   768 :    630    957    173 
   769 :    643    883    271 
   770 :    623    733    551 
   771 :    873     88     87 
   772 :    687    563    499 
   773 :    648    527    432 
   774 :    348    999    343 
   775 :    924    724    633 
   776 :    833    832    365 
   777 :    449    526    438 
   778 :    634    679    370 
   779 :    791    137    136 
   780 :    771     79     78 
   781 :    977     56     55 
   782 :    903    318    317 
   783 :    914    164    163 
   784 :    701    325    324 
   785 :    938   1048    536 
   786 :   1064    365    364 
   787 :    974    871    638 
   788 :    591    409    408 
   789 :    906   1038    709 
   790 :    941    805     51 
   791 :    547     97     96 
   792 :    831    674    533 
   793 :    950    100     99 
   794 :    742     50     49 
   795 :   1058    739    699 
   796 :    560    258    257 
   797 :   1030    772    657 
   798 :    666    138    137 
   799 :    934     33     32 
   800 :    821    106    105 
   801 :    584    970    526 
   802 :   1023    836    236 
   803 :   1003    617    233 
   804 :    770    872    631 
   805 :    772   1032    657 
   806 :    836   1013    691 
   807 :    810    887    576 
   808 :   1033    356    355 
   809 :    735    945    734 
   810 :    624    721    490 
   811 :    645    788    413 
   812 :    958    256    255 
   813 :    790    879    660 
   814 :    831    900    674 
   815 :    970    746    695 
   816 :    936    647    187 
   817 :    765    884    570 
   818 :    652    867    261 
   819 :    609    207    206 
   820 :    864    667    580 
   821 :    975    127    126 
   822 :    567    221    220 
   823 :    545    170    169 
   824 :    693    296    295 
   825 :    993    994    358 
   826 :    560    869    258 
   827 :    758    681    523 
   828 :    569    417    416 
   829 :   1029    853    143 
   830 :    605    361    360 
   831 :    585    183    182 
   832 :   1064    364    363 
   833 :    937    852    628 
   834 :    709    833    708 
   835 :   1053    430    429 
   836 :    690    926     41 
   837 :    940    973    890 
   838 :    775    598     10 
   839 :    677    223    222 
   840 :   1036    114    113 
   841 :    784    866    616 
   842 :    825    992    801 
   843 :    711    712    149 
   844 :    768    216    215 
   845 :    716    717    388 
   846 :   1064   1065    365 
   847 :    572    212    211 
   848 :    781    780    620 
   849 :    617    234    233 
   850 :    603     80     79 
   851 :    665    246    245 
   852 :   1062   1034    266 
   853 :    723    208    207 
   854 :    571     95     94 
   855 :    675    129    128 
   856 :   1025     94     93 
   857 :    674    794    673 
   858 :    638    394    393 
   859 :    538    115    114 
   860 :    948    468    467 
   861 :    626    293    292 
   862 :    760    897    305 
   863 :   1019    217    216 
   864 :    817    585    182 
   865 :   1008   1016     12 
   866 :    525    124    123 
   867 :    814    815    584 
   868 :    562    441    440 
   869 :    868    606    283 
   870 :    779    918    633 
   871 :    533    140    139 
   872 :    430   1053    450 
   873 :    805     52     51 
   874 :    597   1045    456 
   875 :    589    113    112 
   876 :   1010    435    434 
   877 :    861    860    336 
   878 :    837    898    560 
   879 :    640    120    119 
   880 :   1040    408    407 
   881 :    561    924    633 
   882 :   1059    753    622 
   883 :    934     32     31 
   884 :    869    260    259 
   885 :    872    651    329 
   886 :    647    188    187 
   887 :    793    765    764 
   888 :    630    173    172 
   889 :    880    982    879 
   890 :    838   1032    611 
   891 :    905    676    543 
   892 :   1035    814    786 
   893 :    534    776    495 
   894 :   1021    250    249 
   895 :    789    108    107 
   896 :    750    427    426 
   897 :    616     35     34 
   898 :   1054    966    168 
   899 :    812    810    576 
   900 :    901    913    856 
   901 :    628    195    194 
   902 :    652    261    260 
   903 :    878    880     21 
   904 :    511    268    267 
   905 :    967    741    505 
   906 :    832   1001    366 
   907 :    559   1010    433 
   908 :   1011    963    733 
   909 :    804    625    406 
   910 :    579    219    218 
   911 :    529    462    461 
   912 :    633    918    421 
   913 :    609    610    207 
   914 :    582    855    458 
   915 :    521     99     98 
   916 :    916    693    295 
   917 :    869    259    258 
   918 :   1026    783    626 
   919 :    555    150    149 
   920 :    722    834    264 
   921 :    595    436    435 
   922 :    544    425    424 
   923 :    746    532     59 
   924 :    683    972     44 
   925 :    725    415    414 
   926 :    752    938    751 
   927 :    956    618    176 
   928 :    590     68     67 
   929 :    520     83     82 
   930 :    723    959    209 
   931 :   1000    677    222 
   932 :    726    185    184 
   933 :    791    666    137 
   934 :   1018    202    201 
   935 :    615    111    110 
   936 :    595    893    436 
   937 :    591    758    409 
   938 :    815    970    584 
   939 :    504    842    401 
   940 :    951    609    206 
   941 :   1053    884    451 
   942 :    552    553    496 
   943 :    565    204    203 
   944 :    859    909    655 
   945 :    755    534    494 
   946 :   1012    548    131 
   947 :    971    980    946 
   948 :   1010   1011    595 
   949 :    622    621     83 
   950 :    739    714    497 
   951 :    872    770    868 
   952 :    634    370    369 
   953 :    942    760    304 
   954 :    782    319    318 
   955 :    666    831    138 
   956 :    553    699    496 
   957 :    705    226    225 
   958 :    587    912    310 
   959 :   1046    841    530 
   960 :    621     85     84 
   961 :    883    838    702 
   962 :    958    257    256 
   963 :    511    990    268 
   964 :    532     61     60 
   965 :    926    863    683 
   966 :    543    676    542 
   967 :    955    892    816 
   968 :    613    249    248 
   969 :    641    896     15 
   970 :    771    603     79 
   971 :    991    160    159 
   972 :    865     63     62 
   973 :    523    412    411 
   974 :    936    186    185 
   975 :    655    654    653 
   976 :    854   1024    575 
   977 :    598     11     10 
   978 :   1050    943    670 
   979 :    979    720    446 
   980 :    993    358    357 
   981 :    973    961    890 
   982 :    663    197    196 
   983 :    821    789    106 
   984 :    771    849    603 
   985 :   1023    671   1013 
   986 :    889      6      5 
   987 :    629    949    321 
   988 :   1029    142    141 
   989 :    757    678    578 
   990 :    745     59     58 
   991 :    881    575     89 
   992 :    981    705    677 
   993 :    852    937    726 
   994 :    935    924    561 
   995 :    520    622     83 
   996 :    593     57     56 
   997 :    891    776    534 
   998 :    536    251    250 
   999 :    665    764    246 
  1000 :    731    955    314 
  1001 :    347    983    344 
  1002 :    507    101    100 
  1003 :    606    284    283 
  1004 :    883    857    272 
  1005 :    542    477    476 
  1006 :    673    853    672 
  1007 :    580    443    442 
  1008 :    745    746     59 
  1009 :    720    447    446 
  1010 :    729    253    252 
  1011 :   1048    729    252 
  1012 :    747    117    116 
  1013 :   1061    109    108 
  1014 :    475    734    460 
  1015 :    692    793    452 
  1016 :    888    717    716 
  1017 :    801    800    656 
  1018 :    982    878     17 
  1019 :    913    901    531 
  1020 :    907    837    557 
  1021 :    734    945    460 
  1022 :    915   1057    845 
  1023 :    567   1000    221 
  1024 :   1030    927    809 
  1025 :    664    921    379 
  1026 :    515    512    487 
  1027 :    860    859    528 
  1028 :   1002    291    290 
  1029 :    705    960    227 
  1030 :    867    263    262 
  1031 :    933    493      2 
  1032 :    886    977    627 
  1033 :    493   1041      2 
  1034 :    519    584    449 
  1035 :    670     65     64 
  1036 :    985    521     98 
  1037 :    879    982    807 
  1038 :    983    346    345 
  1039 :    963   1011    887 
  1040 :    946    947    704 
  1041 :    599   1008     11 
  1042 :    674    673    533 
  1043 :    871   1055   1028 
  1044 :    701    770    326 
  1045 :    647    923    188 
  1046 :    698    299    298 
  1047 :   1023   1063    671 
  1048 :    952     30     29 
  1049 :    959    781    572 
  1050 :    860    528    339 
  1051 :    943    590     67 
  1052 :    852    929    585 
  1053 :    893    524    437 
  1054 :    965    632    301 
  1055 :    807    982    641 
  1056 :    714    498    497 
  1057 :    935    893    733 
  1058 :    954    166    165 
  1059 :   1005    889      5 
  1060 :    832    366    365 
  1061 :    748    822    605 
  1062 :    573    987    203 
  1063 :    909    861    772 
  1064 :    853    596    144 
  1065 :    662    642    288 
  1066 :    944    995     70 
  1067 :    603    848     80 
  1068 :    676    902    542 
  1069 :    546    881     89 
  1070 :    587    310    309 
  1071 :    518    710    231 
  1072 :    805    773     52 
  1073 :    764    247    246 
  1074 :    694    403    402 
  1075 :    959    210    209 
  1076 :    575     91     90 
  1077 :   1027    215    214 
  1078 :    770    631    326 
  1079 :    812    855    582 
  1080 :    562    864    441 
  1081 :    648    576    527 
  1082 :    507    850    101 
  1083 :    493   1005      4 
  1084 :   1036    915    538 
  1085 :    656   1004    654 
  1086 :   1052    778    445 
  1087 :   1014    599    598 
  1088 :   1062    885    404 
  1089 :    542    902    477 
  1090 :    951    704    609 
  1091 :    561    633    421 
  1092 :    759    837    681 
  1093 :    785    866    784 
  1094 :    984    651    868 
  1095 :    914    827    826 
  1096 :    602    795    479 
  1097 :    981   1000    567 
  1098 :    637    180    179 
  1099 :    696    579    218 
  1100 :   1045    715    457 
  1101 :    896    982     17 
  1102 :   1015    866    592 
  1103 :    697    664    378 
  1104 :    838    883    643 
  1105 :    876   1013    608 
  1106 :    864    580    442 
  1107 :    611    813    280 
  1108 :    838    611    279 
  1109 :    964    540    158 
  1110 :    941    863    636 
  1111 :    513    953    473 
  1112 :   1030    809    656 
  1113 :    989    711    568 
  1114 :    933      2      1 
  1115 :    688    689    562 
  1116 :    642    700    289 
  1117 :    736    614      0 
  1118 :    781    721    624 
  1119 :    949    763    586 
  1120 :    854    881    753 
  1121 :    962    874    658 
  1122 :    738    868    282 
  1123 :    755    891    534 
  1124 :    596    607    145 
  1125 :    604    903    317 
  1126 :    565    951    204 
  1127 :    598    599     11 
  1128 :    505    740     75 
  1129 :    550    558    541 
  1130 :    850    566    102 
  1131 :    995    970    815 
  1132 :    694   1062    403 
  1133 :    682    522    503 
  1134 :    568    711    146 
  1135 :    715    582    457 
  1136 :    867    722    263 
  1137 :    506    992    355 
  1138 :    531    975    126 
  1139 :    827    733    623 
  1140 :    660    517    466 
  1141 :    703    821    104 
  1142 :    839    682    503 
  1143 :    785    784     30 
  1144 :    915    851    846 
  1145 :    584    526    449 
  1146 :    627    977     55 
  1147 :    898    837    759 
  1148 :    831    533    139 
  1149 :    650   1051    649 
  1150 :    988      8      7 
  1151 :    622    753    621 
  1152 :    975    675    128 
  1153 :    527    559    433 
  1154 :    778    979    446 
  1155 :    994    992    825 
  1156 :    547    985     97 
  1157 :   1057    915    846 
  1158 :    605    708    361 
  1159 :    719    718    717 
  1160 :    564    914    163 
  1161 :    581    624    490 
  1162 :    922    701    324 
  1163 :    945    529    461 
  1164 :    914    619    164 
  1165 :    796    687    498 
  1166 :    961    973    571 
  1167 :    813    737    280 
  1168 :    893   1011    733 
  1169 :    578    639    156 
  1170 :    754    571     94 
  1171 :    710   1003    232 
  1172 :    820    899    753 
  1173 :    555    724    150 
  1174 :    851    703    566 
  1175 :    742    941     50 
  1176 :    626    916    293 
  1177 :    989    788    645 
  1178 :    845    847    510 
  1179 :    525    913    124 
  1180 :    788    725    414 
  1181 :    950    939    507 
  1182 :    592    519    448 
  1183 :    727    516    419 
  1184 :    834    804    405 
  1185 :    566    703    103 
  1186 :    509    643    271 
  1187 :    667    941    636 
  1188 :    797    684    579 
  1189 :    784    934     31 
  1190 :    571    973     95 
  1191 :   1060    665    245 
  1192 :    780    781    624 
  1193 :    751    765    570 
  1194 :    830   1022    676 
  1195 :    741    849    740 
  1196 :    863    972    683 
  1197 :    539    645    413 
  1198 :    713    587    309 
  1199 :    620   1027    214 
  1200 :    904    916    783 
  1201 :   1024    854    754 
  1202 :    700    600    289 
  1203 :    777    518    230 
  1204 :    749    823    748 
  1205 :    783    782    318 
  1206 :    837    560    257 
  1207 :    530    583    486 
  1208 :   1024   1025     92 
  1209 :    684    567    220 
  1210 :    617   1063    234 
  1211 :    586    922    323 
  1212 :    508    649    464 
  1213 :    971    951    565 
  1214 :    840    564    162 
  1215 :    903    783    318 
  1216 :    737    738    281 
  1217 :    980    630    172 
  1218 :    750    751    427 
  1219 :    499    552    496 
  1220 :    899    854    753 
  1221 :    350    920    341 
  1222 :   1061    615    110 
  1223 :    651    984    330 
  1224 :   1055    736   1028 
  1225 :    958    837    257 
  1226 :    922    770    701 
  1227 :    765   1021    613 
  1228 :    899    820    529 
  1229 :    800    506    354 
  1230 :    901    856    674 
  1231 :    966    545    169 
  1232 :    545    946    170 
  1233 :    966   1054    947 
  1234 :    947    841    704 
  1235 :    841    583    530 
  1236 :    570    884    429 
  1237 :    946    980    171 
  1238 :    910    544    424 
  1239 :    857    883    743 
  1240 :    873    546     88 
  1241 :    540    991    159 
  1242 :    833   1065    708 
  1243 :    892    713    698 
  1244 :   1009   1008    599 
  1245 :    902    602    478 
  1246 :    895    976    360 
  1247 :    711    932    146 
  1248 :   1041    493      4 
  1249 :    898    908    652 
  1250 :    842   1034    694 
  1251 :   1002   1026    626 
  1252 :    882    697    378 
  1253 :    908    834    722 
  1254 :    913    531    125 
  1255 :    563    552    499 
  1256 :    517    948    467 
  1257 :   1006    589    112 
  1258 :    973    547     96 
  1259 :    970    995    944 
  1260 :    884   1053    429 
  1261 :   1004    799    577 
  1262 :    843   1034    842 
  1263 :    855   1044    459 
  1264 :   1022    795    602 
  1265 :    887   1011    576 
  1266 :    762    780    581 
  1267 :    806    807    641 
  1268 :    891    830    776 
  1269 :    638   1028    394 
  1270 :   1065   1064    362 
  1271 :    834    908    804 
  1272 :    869    652    260 
  1273 :    680   1035    514 
  1274 :    971    946    704 
  1275 :    779    724    712 
  1276 :    739   1047    714 
  1277 :   1009    807    806 
  1278 :   1043    561    420 
  1279 :   1019    696    217 
  1280 :    996    882    795 
  1281 :    805    941    667 
  1282 :    770    919    606 
  1283 :    907    938    681 
  1284 :    524   1043    420 
  1285 :    799    800    354 
  1286 :    837    958    557 
  1287 :    949    586    322 
  1288 :    521    950     99 
  1289 :    819   1018    659 
  1290 :    987    565    203 
  1291 :    523    601    539 
  1292 :    585    929    183 
  1293 :    817    852    585 
  1294 :    950    507    100 
  1295 :    987    971    565 
  1296 :   1042    968   1038 
  1297 :   1010    595    435 
  1298 :    896     17     16 
  1299 :    897    930    308 
  1300 :    681    601    523 
  1301 :    839    503    502 
  1302 :   1020   1058     27 
  1303 :    953    537    473 
  1304 :    823    824    513 
  1305 :   1048    938    907 
  1306 :    972    863    742 
  1307 :   1025    754     94 
  1308 :    816    892    644 
  1309 :    955    816    588 
  1310 :    810    777    685 
  1311 :    514    952     29 
  1312 :    995    967    535 
  1313 :    589   1036    113 
  1314 :   1040    591    408 
  1315 :    551    550    549 
  1316 :    884    692    451 
  1317 :    981    960    705 
  1318 :    885   1062    266 
  1319 :    909   1030    656 
  1320 :    606    925    284 
  1321 :    930    897    760 
  1322 :   1000    981    677 
  1323 :   1052    894     39 
  1324 :   1013    876    691 
  1325 :    919    922    586 
  1326 :    997    775      9 
  1327 :    797    762    646 
  1328 :    615   1006    111 
  1329 :    991    840    160 
  1330 :    841   1046    721 
  1331 :    713    892    587 
  1332 :   1062    694   1034 
  1333 :    954    556    166 
  1334 :    939    850    507 
  1335 :    977    593     56 
  1336 :   1036    538    114 
  1337 :    863    941    742 
  1338 :    743    883    702 
  1339 :   1018    573    202 
  1340 :    773    886    627 
  1341 :    738    984    868 
  1342 :    923    937    766 
  1343 :    754    961    571 
  1344 :    780   1019    768 
  1345 :    939    851    850 
  1346 :    819    998    618 
  1347 :    953    735    537 
  1348 :    707    706    548 
  1349 :   1003    812    715 
  1350 :    929    726    184 
  1351 :    887    810    685 
  1352 :   1022    902    676 
  1353 :    821   1061    789 
  1354 :   1012    707    548 
  1355 :   1063   1023    235 
  1356 :    671   1063   1045 
  1357 :    672   1029    141 
  1358 :    673    672    533 
  1359 :   1057    847    845 
  1360 :    726    936    185 
  1361 :    998    818    637 
  1362 :    795   1022    719 
  1363 :    889   1005    492 
  1364 :    900    901    674 
  1365 :    613   1021    249 
  1366 :    640    845    510 
  1367 :    756   1052    444 
  1368 :   1049    879    790 
  1369 :    820    650    508 
  1370 :    619    954    165 
  1371 :    575   1024     91 
  1372 :    768   1019    216 
  1373 :   1037    604    316 
  1374 :    931    957    630 
  1375 :    663    928    197 
  1376 :   1015    592    448 
  1377 :    625   1040    407 
  1378 :    952    785     30 
  1379 :    797    780    762 
  1380 :   1021    536    250 
  1381 :    937    923    647 
  1382 :    729    907    557 
  1383 :    556   1054    167 
  1384 :    851    939    846 
  1385 :    777    981    685 
  1386 :    935   1043    524 
  1387 :    536   1048    251 
  1388 :    693    816    644 
  1389 :   1058    680     27 
  1390 :    600   1002    290 
  1391 :    850    851    566 
  1392 :    529   1007    462 
  1393 :    667    636    580 
  1394 :    890    953    824 
  1395 :    787   1035    680 
  1396 :    996    795    719 
  1397 :    534    495    494 
  1398 :    863    862    636 
  1399 :    588   1037    316 
  1400 :    866    744    616 
  1401 :    777    810    518 
  1402 :    801    992    506 
  1403 :    684    685    567 
  1404 :    865   1050    670 
  1405 :   1034    927    511 
  1406 :    794    727    569 
  1407 :   1040    908    759 
  1408 :    879    661    660 
  1409 :   1019    780    696 
  1410 :    989    911    712 
  1411 :    695    689    688 
  1412 :    876    962    658 
  1413 :    953    890    735 
  1414 :    772    861    522 
  1415 :    825    824    823 
  1416 :    936    937    647 
  1417 :   1031    793    665 
  1418 :    931    987    573 
  1419 :   1025   1024    754 
  1420 :    852    928    663 
  1421 :    900   1012    675 
  1422 :    990   1030    657 
  1423 :    962   1031    874 
  1424 :    853   1029    672 
  1425 :    704    610    609 
  1426 :    874   1060    244 
  1427 :    816   1037    588 
  1428 :    818    817    637 
  1429 :    813   1032    682 
  1430 :    980    971    630 
  1431 :    956    957    931 
  1432 :   1031    962    669 
  1433 :    978    886    689 
  1434 :   1056    691    239 
  1435 :    925    919    662 
  1436 :   1011   1010    559 
  1437 :    763    642    662 
  1438 :    654   1004    577 
  1439 :    576    559    527 
  1440 :    757    924    678 
  1441 :    793   1031    669 
  1442 :    766    937    628 
  1443 :    752    751    750 
  1444 :    804    908    625 
  1445 :    724    924    612 
  1446 :    657    643    509 
  1447 :    752    750    544 
  1448 :    686    455    454 
  1449 :   1049    917    563 
  1450 :    735    734    537 
  1451 :    763    700    642 
  1452 :    623    551    549 
  1453 :   1027    768    215 
  1454 :    849    848    603 
  1455 :    916    904    693 
  1456 :    812   1003    710 
  1457 :    800    801    506 
  1458 :    881    854    575 
  1459 :    871   1028    638 
  1460 :    901    975    531 
  1461 :    655    656    654 
  1462 :    919    925    606 
  1463 :    780    797    696 
  1464 :    763    919    586 
  1465 :    854    961    754 
  1466 :    764    765    613 
  1467 :    709    708    605 
  1468 :    906   1042   1038 
  1469 :    961    899    735 
  1470 :    826    827    623 
  1471 :    727    728    516 
  1472 :    682    772    522 
  1473 :    661    948    517 
  1474 :   1060    874   1031 
  1475 :    970   1050    746 
  1476 :    650    649    508 
  1477 :    739   1058   1020 
  1478 :    741    740    505 
  1479 :    715    812    582 
  1480 :    975    901    675 
  1481 :    990    657    509 
  1482 :    819    931    573 
  1483 :    789   1061    108 
  1484 :    660    661    517 
  1485 :    780    624    581 
  1486 :    576   1011    559 
  1487 :    898    869    560 
  1488 :    678    639    578 
  1489 :    810    710    518 
  1490 :    866   1015    744 
  1491 :    943    944    590 
  1492 :    963    558    550 
  1493 :   1050    970    944 
  1494 :    843    842    504 
  1495 :    899    961    854 
  1496 :   1050    865    532 
  1497 :    882    996    697 
  1498 :    880   1049    563 
  1499 :   1059    820    753 
  1500 :    904    903    604 
  1501 :    996    888    697 
  1502 :    759    758    591 
  1503 :    899    945    735 
  1504 :    911    910    779 
  1505 :    951    971    704 
  1506 :    716    386    385 
  1507 :   1013    671    608 
  1508 :    787    699    553 
  1509 :   1038    968    679 
  1510 :    924    935    678 
  1511 :    928    818    594 
  1512 :    876    658    242 
  1513 :    989    712    711 
  1514 :   1050    944    943 
  1515 :    696    797    579 
  1516 :    608    671    597 
  1517 :   1037    904    604 
  1518 :    888    996    717 
  1519 :    782    986    629 
  1520 :    786    952    514 
  1521 :   1017    645    539 
  1522 :   1022    891    719 
  1523 :    794    728    727 
  1524 :    901    900    675 
  1525 :   1049    880    879 
  1526 :   1048    907    729 
  1527 :   1040    759    591 
  1528 :    869    898    652 
  1529 :    551    963    550 
  1530 :    665   1060   1031 
  1531 :    758    759    681 
  1532 :    989   1017    911 
  1533 :    685    981    567 
  1534 :    956    931    819 
  1535 :    783    986    782 
  1536 :    919    763    662 
  1537 :    908    898    759 
  1538 :    986    949    629 
  1539 :   1017    989    645 
  1540 :    911    779    712 
  1541 :    977    978    593 
  1542 :    927    990    511 
  1543 :   1032    813    611 
  1544 :    922    919    770 
  1545 :    998    819    659 
  1546 :    818    852    817 
  1547 :    894   1052    756 
  1548 :    818    998    594 
  1549 :    978    977    886 
  1550 :    971    931    630 
  1551 :    902   1022    602 
  1552 :    820   1059    650 
  1553 :    904    816    693 
  1554 :    890    961    735 
  1555 :   1032    772    682 
  1556 :    996    719    717 
  1557 :    601   1017    539 
  1558 :    891   1022    830 
  1559 :    937    936    726 
  1560 :   1026   1002    600 
  1561 :    810    812    710 
  1562 :    967    995    815 
  1563 :    903    904    783 
  1564 :    952    786    785 
  1565 :   1004    800    799 
  1566 :    971    987    931 
  1567 :   1035    786    514 
  1568 :    904   1037    816 
  1569 :    822    709    605 
  1570 :    928    852    818 
  1571 :    700   1026    600 
  1572 :   1026    986    783 
  1573 :    695    978    689 
  1574 :    746   1050    532 
  1575 :    986   1026    700 
  1576 :    986    700    763 
  1577 :   1012    900    707 
  1578 :    949    986    763 
  1579 :    671   1045    597 
  1580 :     19     18     20 
  1581 :    484    372    371 
  1582 :    335    334    501 
  1583 :    335    500    336 
  1584 :    482    374    373 
  1585 :    483    373    372 
  1586 :    484    483    372 
  1587 :    662    286    285 
  1588 :     68     70     69 
  1589 :    334    333    502 
  1590 :    343    342    349 
  1591 :    348    343    349 
  1592 :    511    267    266 
  1593 :    510    122    121 
  1594 :    505     74     73 
  1595 :    516    504    400 
  1596 :    288    287    286 
  1597 :    525    123    122 
  1598 :    383    381    380 
  1599 :    388    387    386 
  1600 :    501    334    502 
  1601 :    482    373    483 
  1602 :   1044    855    648 
  1603 :    798   1051    787 
  1604 :    535     73     72 
  1605 :   1033    357    356 
  1606 :    572    213    212 
  1607 :    590     70     68 
  1608 :    637    178    177 
  1609 :    646    512    541 
  1610 :    705    225    224 
  1611 :    728    504    516 
  1612 :    485    732    476 
  1613 :    745     58     57 
  1614 :    665    793    764 
  1615 :    794    788    607 
  1616 :    834    405    265 
  1617 :    510    847    525 
  1618 :    853    607    596 
  1619 :    648    855    576 
  1620 :    667    864    562 
  1621 :    877     21     20 
  1622 :    873     86     85 
  1623 :    895    360    359 
  1624 :    920    350    349 
  1625 :    920    342    341 
  1626 :    967    505     73 
  1627 :    969    397    396 
  1628 :    999    348    347 
  1629 :    983    345    344 
  1630 :    485    484    371 
  1631 :    335    501    500 
  1632 :    191    190    189 
  1633 :    532     60     59 
  1634 :    594    198    197 
  1635 :    572    620    213 
  1636 :    621     84     83 
  1637 :    635    480    479 
  1638 :    691    241    240 
  1639 :    732    371    370 
  1640 :    740     77     76 
  1641 :    757    578    155 
  1642 :    877     18     17 
  1643 :    405    885    265 
  1644 :    915    747    538 
  1645 :    982    880    878 
