Number of nodes 752 
     0 :  2.6172070e+01  3.9985129e+01 
     1 :  2.6108051e+01  3.9541294e+01 
     2 :  2.6631506e+01  3.9550170e+01 
     3 :  2.6723499e+01  3.9339506e+01 
     4 :  2.6855955e+01  3.8949119e+01 
     5 :  2.6769126e+01  3.8679500e+01 
     6 :  2.6949578e+01  3.8399640e+01 
     7 :  2.6560730e+01  3.8597491e+01 
     8 :  2.6426184e+01  3.8377197e+01 
     9 :  2.6568420e+01  3.8145832e+01 
    10 :  2.7036727e+01  3.8040507e+01 
    11 :  2.7230447e+01  3.7689688e+01 
    12 :  2.7406897e+01  3.7371773e+01 
    13 :  2.7367565e+01  3.7129061e+01 
    14 :  2.7573079e+01  3.6994671e+01 
    15 :  2.8132950e+01  3.7032133e+01 
    16 :  2.7909964e+01  3.6846850e+01 
    17 :  2.7470236e+01  3.6679418e+01 
    18 :  2.8015152e+01  3.6767920e+01 
    19 :  2.8233239e+01  3.6756475e+01 
    20 :  2.8658764e+01  3.6700195e+01 
    21 :  2.9057153e+01  3.6596036e+01 
    22 :  2.9354344e+01  3.6244435e+01 
    23 :  2.9881740e+01  3.6195874e+01 
    24 :  3.0393508e+01  3.6229851e+01 
    25 :  3.0557928e+01  3.6632044e+01 
    26 :  3.0921115e+01  3.6847277e+01 
    27 :  3.1457482e+01  3.6743597e+01 
    28 :  3.1958206e+01  3.6543917e+01 
    29 :  3.2331694e+01  3.6220141e+01 
    30 :  3.2822441e+01  3.6055372e+01 
    31 :  3.3367075e+01  3.6140346e+01 
    32 :  3.3878431e+01  3.6277111e+01 
    33 :  3.4253116e+01  3.6532636e+01 
    34 :  3.4697630e+01  3.6794952e+01 
    35 :  3.5203899e+01  3.6615449e+01 
    36 :  3.5653435e+01  3.6699436e+01 
    37 :  3.6116840e+01  3.6845930e+01 
    38 :  3.5986657e+01  3.6482235e+01 
    39 :  3.5927438e+01  3.6104615e+01 
    40 :  3.5792302e+01  3.5678236e+01 
    41 :  3.5924810e+01  3.5274162e+01 
    42 :  3.5901362e+01  3.4834596e+01 
    43 :  3.5852538e+01  3.4433543e+01 
    44 :  3.5630398e+01  3.4052904e+01 
    45 :  3.5411196e+01  3.3645907e+01 
    46 :  3.5207462e+01  3.3233512e+01 
    47 :  3.5023903e+01  3.2814133e+01 
    48 :  3.4863435e+01  3.2391841e+01 
    49 :  3.4712481e+01  3.1962142e+01 
    50 :  3.4464908e+01  3.1567157e+01 
    51 :  3.4097379e+01  3.1250156e+01 
    52 :  3.3600643e+01  3.1120771e+01 
    53 :  3.3091403e+01  3.1099951e+01 
    54 :  3.2572148e+01  3.1088145e+01 
    55 :  3.2106574e+01  3.1084768e+01 
    56 :  3.1763653e+01  3.1389254e+01 
    57 :  3.1275232e+01  3.1551410e+01 
    58 :  3.0840711e+01  3.1420136e+01 
    59 :  3.0364427e+01  3.1452031e+01 
    60 :  2.9953812e+01  3.1245306e+01 
    61 :  2.9538103e+01  3.0973134e+01 
    62 :  2.9051823e+01  3.0831677e+01 
    63 :  2.8588828e+01  3.1026809e+01 
    64 :  2.8075447e+01  3.1089483e+01 
    65 :  2.7584411e+01  3.1195955e+01 
    66 :  2.7126030e+01  3.1382882e+01 
    67 :  2.6617626e+01  3.1494111e+01 
    68 :  2.6104114e+01  3.1588426e+01 
    69 :  2.5594881e+01  3.1548592e+01 
    70 :  2.5151763e+01  3.1630406e+01 
    71 :  2.4871005e+01  3.1985062e+01 
    72 :  2.4347687e+01  3.2000386e+01 
    73 :  2.3854429e+01  3.2132235e+01 
    74 :  2.3339303e+01  3.2205109e+01 
    75 :  2.3115033e+01  3.2556501e+01 
    76 :  2.2670062e+01  3.2755474e+01 
    77 :  2.2168668e+01  3.2901855e+01 
    78 :  2.1637126e+01  3.2910742e+01 
    79 :  2.1144790e+01  3.2770369e+01 
    80 :  2.0663599e+01  3.2583097e+01 
    81 :  2.0242644e+01  3.2310318e+01 
    82 :  1.9956205e+01  3.1937859e+01 
    83 :  1.9990560e+01  3.1494471e+01 
    84 :  2.0159723e+01  3.1079175e+01 
    85 :  1.9920248e+01  3.0684154e+01 
    86 :  1.9530725e+01  3.0395707e+01 
    87 :  1.9041814e+01  3.0272371e+01 
    88 :  1.8586720e+01  3.0479581e+01 
    89 :  1.8187940e+01  3.0767803e+01 
    90 :  1.7710559e+01  3.0949385e+01 
    91 :  1.7220888e+01  3.1106885e+01 
    92 :  1.6710875e+01  3.1207090e+01 
    93 :  1.6188244e+01  3.1241815e+01 
    94 :  1.5711872e+01  3.1422905e+01 
    95 :  1.5429435e+01  3.1795805e+01 
    96 :  1.5317455e+01  3.2229806e+01 
    97 :  1.4878030e+01  3.2432433e+01 
    98 :  1.4380938e+01  3.2577866e+01 
    99 :  1.3908054e+01  3.2768199e+01 
   100 :  1.3400905e+01  3.2884767e+01 
   101 :  1.2884670e+01  3.2812139e+01 
   102 :  1.2354922e+01  3.2826673e+01 
   103 :  1.1894441e+01  3.3050423e+01 
   104 :  1.1399881e+01  3.3207039e+01 
   105 :  1.1117186e+01  3.3459234e+01 
   106 :  1.0743473e+01  3.3502911e+01 
   107 :  1.0340279e+01  3.3715720e+01 
   108 :  1.0037216e+01  3.4073153e+01 
   109 :  1.0317383e+01  3.4414629e+01 
   110 :  1.0742850e+01  3.4685878e+01 
   111 :  1.1017876e+01  3.5070464e+01 
   112 :  1.1058227e+01  3.5508090e+01 
   113 :  1.0675219e+01  3.5804951e+01 
   114 :  1.0478648e+01  3.6212421e+01 
   115 :  1.0838383e+01  3.6523955e+01 
   116 :  1.1116906e+01  3.6907038e+01 
   117 :  1.0741540e+01  3.6908667e+01 
   118 :  1.0309252e+01  3.6817454e+01 
   119 :  1.0134609e+01  3.7222060e+01 
   120 :  9.7141627e+00  3.7329290e+01 
   121 :  9.1760758e+00  3.7203629e+01 
   122 :  8.7136845e+00  3.6960558e+01 
   123 :  8.1620759e+00  3.6907518e+01 
   124 :  7.6656678e+00  3.6973063e+01 
   125 :  7.2248620e+00  3.6985518e+01 
   126 :  6.7143281e+00  3.6949451e+01 
   127 :  6.2599438e+00  3.6966214e+01 
   128 :  5.7459919e+00  3.6818453e+01 
   129 :  5.2452981e+00  3.6658628e+01 
   130 :  4.7755779e+00  3.6880721e+01 
   131 :  4.2154347e+00  3.6903804e+01 
   132 :  3.6735827e+00  3.6847675e+01 
   133 :  3.1383486e+00  3.6767599e+01 
   134 :  2.6597197e+00  3.6633980e+01 
   135 :  2.1226165e+00  3.6587986e+01 
   136 :  1.5686142e+00  3.6537553e+01 
   137 :  1.0250013e+00  3.6462005e+01 
   138 :  5.2953794e-01  3.6258764e+01 
   139 :  1.0602301e-01  3.5981927e+01 
   140 : -3.2473977e-01  3.5857612e+01 
   141 : -8.1604568e-01  3.5750246e+01 
   142 : -1.2291187e+00  3.5480460e+01 
   143 : -1.6325748e+00  3.5210079e+01 
   144 : -2.1389021e+00  3.5092230e+01 
   145 : -2.6789658e+00  3.5100021e+01 
   146 : -3.0197544e+00  3.5355125e+01 
   147 : -3.5112937e+00  3.5214706e+01 
   148 : -4.0461972e+00  3.5223848e+01 
   149 : -4.5805670e+00  3.5189025e+01 
   150 : -5.0394319e+00  3.5417931e+01 
   151 : -5.3447614e+00  3.5777224e+01 
   152 : -5.5556542e+00  3.6042106e+01 
   153 : -5.2029082e+00  3.6378556e+01 
   154 : -4.6840690e+00  3.6513232e+01 
   155 : -4.2132888e+00  3.6718398e+01 
   156 : -3.6554762e+00  3.6739407e+01 
   157 : -3.1084459e+00  3.6746942e+01 
   158 : -2.5910339e+00  3.6761712e+01 
   159 : -2.0887009e+00  3.6772651e+01 
   160 : -1.8235632e+00  3.7161850e+01 
   161 : -1.4471205e+00  3.7486942e+01 
   162 : -9.0986705e-01  3.7575053e+01 
   163 : -7.3719781e-01  3.7902611e+01 
   164 : -4.9819413e-01  3.8306660e+01 
   165 : -6.1558891e-02  3.8585382e+01 
   166 :  2.1879191e-02  3.8878856e+01 
   167 : -2.6063250e-01  3.9249080e+01 
   168 : -2.2017636e-01  3.9675039e+01 
   169 :  9.1848225e-02  4.0052911e+01 
   170 :  4.3279428e-01  4.0416356e+01 
   171 :  8.1004702e-01  4.0744263e+01 
   172 :  1.1315629e+00  4.1060677e+01 
   173 :  1.6932859e+00  4.1204195e+01 
   174 :  2.2082192e+00  4.1398685e+01 
   175 :  2.7143660e+00  4.1632065e+01 
   176 :  3.1826890e+00  4.1904149e+01 
   177 :  3.2762625e+00  4.2301097e+01 
   178 :  3.0404197e+00  4.2701463e+01 
   179 :  3.1439356e+00  4.3123551e+01 
   180 :  3.6419036e+00  4.3374847e+01 
   181 :  4.1758726e+00  4.3486154e+01 
   182 :  4.7528528e+00  4.3352108e+01 
   183 :  5.2573922e+00  4.3343398e+01 
   184 :  5.7621690e+00  4.3106179e+01 
   185 :  6.3546032e+00  4.3122293e+01 
   186 :  6.7359859e+00  4.3397509e+01 
   187 :  7.2099469e+00  4.3673496e+01 
   188 :  7.7928493e+00  4.3820085e+01 
   189 :  8.2526530e+00  4.4093417e+01 
   190 :  8.6953747e+00  4.4396595e+01 
   191 :  9.2923292e+00  4.4309944e+01 
   192 :  9.8263190e+00  4.4084726e+01 
   193 :  1.0267333e+01  4.3810867e+01 
   194 :  1.0436368e+01  4.3387328e+01 
   195 :  1.0520059e+01  4.2955968e+01 
   196 :  1.0969006e+01  4.2703548e+01 
   197 :  1.1355032e+01  4.2395851e+01 
   198 :  1.1789710e+01  4.2107486e+01 
   199 :  1.2206219e+01  4.1798881e+01 
   200 :  1.2624271e+01  4.1484355e+01 
   201 :  1.3124210e+01  4.1265816e+01 
   202 :  1.3703609e+01  4.1236626e+01 
   203 :  1.4039355e+01  4.0874866e+01 
   204 :  1.4419372e+01  4.0626579e+01 
   205 :  1.4924064e+01  4.0515751e+01 
   206 :  1.5122654e+01  4.0163278e+01 
   207 :  1.5632668e+01  4.0048766e+01 
   208 :  1.5841632e+01  3.9640123e+01 
   209 :  1.6058349e+01  3.9229790e+01 
   210 :  1.6198724e+01  3.8806244e+01 
   211 :  1.5912523e+01  3.8529481e+01 
   212 :  1.5654945e+01  3.8148186e+01 
   213 :  1.6012585e+01  3.7927301e+01 
   214 :  1.6334246e+01  3.8279707e+01 
   215 :  1.6560074e+01  3.8645511e+01 
   216 :  1.6938335e+01  3.8929922e+01 
   217 :  1.7130102e+01  3.9246374e+01 
   218 :  1.6805659e+01  3.9577491e+01 
   219 :  1.6565000e+01  3.9893056e+01 
   220 :  1.6789416e+01  4.0301604e+01 
   221 :  1.7227303e+01  4.0433377e+01 
   222 :  1.7766602e+01  4.0293428e+01 
   223 :  1.8057195e+01  3.9935168e+01 
   224 :  1.8441654e+01  4.0017311e+01 
   225 :  1.8275335e+01  4.0410129e+01 
   226 :  1.7840125e+01  4.0703124e+01 
   227 :  1.7332886e+01  4.0929802e+01 
   228 :  1.6815164e+01  4.1143937e+01 
   229 :  1.6276667e+01  4.1335887e+01 
   230 :  1.5952155e+01  4.1636615e+01 
   231 :  1.5995218e+01  4.1936525e+01 
   232 :  1.5417411e+01  4.1926013e+01 
   233 :  1.4844789e+01  4.2045059e+01 
   234 :  1.4409393e+01  4.2347939e+01 
   235 :  1.4018731e+01  4.2687689e+01 
   236 :  1.3828621e+01  4.3113299e+01 
   237 :  1.3609063e+01  4.3532371e+01 
   238 :  1.3118123e+01  4.3793746e+01 
   239 :  1.2613116e+01  4.4052800e+01 
   240 :  1.2303845e+01  4.4429930e+01 
   241 :  1.2396607e+01  4.4823672e+01 
   242 :  1.2251078e+01  4.5206949e+01 
   243 :  1.2460624e+01  4.5545819e+01 
   244 :  1.2993513e+01  4.5637680e+01 
   245 :  1.3558363e+01  4.5728363e+01 
   246 :  1.3513349e+01  4.5460374e+01 
   247 :  1.3695276e+01  4.5035814e+01 
   248 :  1.4024349e+01  4.4929377e+01 
   249 :  1.4345726e+01  4.5304234e+01 
   250 :  1.4838163e+01  4.5044923e+01 
   251 :  1.5019781e+01  4.4631699e+01 
   252 :  1.5363923e+01  4.4213929e+01 
   253 :  1.5478284e+01  4.3921699e+01 
   254 :  1.5926808e+01  4.3627798e+01 
   255 :  1.6408010e+01  4.3542243e+01 
   256 :  1.6938317e+01  4.3312843e+01 
   257 :  1.7414101e+01  4.3037876e+01 
   258 :  1.7814795e+01  4.2795564e+01 
   259 :  1.8298603e+01  4.2525929e+01 
   260 :  1.8737990e+01  4.2374742e+01 
   261 :  1.9116801e+01  4.2038768e+01 
   262 :  1.9560947e+01  4.1768544e+01 
   263 :  1.9436468e+01  4.1339681e+01 
   264 :  1.9452665e+01  4.0903874e+01 
   265 :  1.9432657e+01  4.0488557e+01 
   266 :  1.9581159e+01  4.0170590e+01 
   267 :  1.9969941e+01  3.9853155e+01 
   268 :  2.0242864e+01  3.9476418e+01 
   269 :  2.0582204e+01  3.9137821e+01 
   270 :  2.1034169e+01  3.9010330e+01 
   271 :  2.0815488e+01  3.8885144e+01 
   272 :  2.1064317e+01  3.8488561e+01 
   273 :  2.1416996e+01  3.8341180e+01 
   274 :  2.1966956e+01  3.8385563e+01 
   275 :  2.2495576e+01  3.8373509e+01 
   276 :  2.2975060e+01  3.8193188e+01 
   277 :  2.2932522e+01  3.7987945e+01 
   278 :  2.2437643e+01  3.8136858e+01 
   279 :  2.1917477e+01  3.8278041e+01 
   280 :  2.1387069e+01  3.8190221e+01 
   281 :  2.1194263e+01  3.7818545e+01 
   282 :  2.1581534e+01  3.7519187e+01 
   283 :  2.1580140e+01  3.7110074e+01 
   284 :  2.1867016e+01  3.6760604e+01 
   285 :  2.2152490e+01  3.6947602e+01 
   286 :  2.2365222e+01  3.6547989e+01 
   287 :  2.2642131e+01  3.6793438e+01 
   288 :  2.3022908e+01  3.6508187e+01 
   289 :  2.3054247e+01  3.6846239e+01 
   290 :  2.2855533e+01  3.7261815e+01 
   291 :  2.2951889e+01  3.7509704e+01 
   292 :  2.3343141e+01  3.7401942e+01 
   293 :  2.3190605e+01  3.7650672e+01 
   294 :  2.3220904e+01  3.7960020e+01 
   295 :  2.3728584e+01  3.7880132e+01 
   296 :  2.4060042e+01  3.7793120e+01 
   297 :  2.4017394e+01  3.8223930e+01 
   298 :  2.3527889e+01  3.8441816e+01 
   299 :  2.3088511e+01  3.8670861e+01 
   300 :  2.2732199e+01  3.8919413e+01 
   301 :  2.2887994e+01  3.9277884e+01 
   302 :  2.3299235e+01  3.9242064e+01 
   303 :  2.2946743e+01  3.9587136e+01 
   304 :  2.2664642e+01  3.9973188e+01 
   305 :  2.2640623e+01  4.0391332e+01 
   306 :  2.2896561e+01  4.0510879e+01 
   307 :  2.3296220e+01  4.0267989e+01 
   308 :  2.3793795e+01  4.0071008e+01 
   309 :  2.3805414e+01  4.0220747e+01 
   310 :  2.4166679e+01  4.0254339e+01 
   311 :  2.4133603e+01  4.0361221e+01 
   312 :  2.3735904e+01  4.0642973e+01 
   313 :  2.4160142e+01  4.0753264e+01 
   314 :  2.4651843e+01  4.0889481e+01 
   315 :  2.5181769e+01  4.0978934e+01 
   316 :  2.5744220e+01  4.0850095e+01 
   317 :  2.6160955e+01  4.0615269e+01 
   318 :  2.6745049e+01  4.0627505e+01 
   319 :  2.6358077e+01  4.0390876e+01 
   320 :  1.5000986e+01  3.6699161e+01 
   321 :  1.5271538e+01  3.7010758e+01 
   322 :  1.5092664e+01  3.7413530e+01 
   323 :  1.5272048e+01  3.7830033e+01 
   324 :  1.5551866e+01  3.8209187e+01 
   325 :  1.5058891e+01  3.8150476e+01 
   326 :  1.4525980e+01  3.8057702e+01 
   327 :  1.3970021e+01  3.8024693e+01 
   328 :  1.3460519e+01  3.8103351e+01 
   329 :  1.3011819e+01  3.8071037e+01 
   330 :  1.2522993e+01  3.8019413e+01 
   331 :  1.2592437e+01  3.7628192e+01 
   332 :  1.3109848e+01  3.7496494e+01 
   333 :  1.3577808e+01  3.7263015e+01 
   334 :  1.4078456e+01  3.7101198e+01 
   335 :  1.4483390e+01  3.6825782e+01 
   336 :  8.5554517e+00  3.9041259e+01 
   337 :  9.0062805e+00  3.8995610e+01 
   338 :  9.3766170e+00  3.9161694e+01 
   339 :  9.6298807e+00  3.9442120e+01 
   340 :  9.6911267e+00  3.9890958e+01 
   341 :  9.6854003e+00  4.0329034e+01 
   342 :  9.7151334e+00  4.0741948e+01 
   343 :  9.5011939e+00  4.1149107e+01 
   344 :  8.9895421e+00  4.1094475e+01 
   345 :  8.5160694e+00  4.0833207e+01 
   346 :  8.1716695e+00  4.0675887e+01 
   347 :  8.4525646e+00  4.0285838e+01 
   348 :  8.5002574e+00  3.9871179e+01 
   349 :  8.4019954e+00  3.9456125e+01 
   350 :  3.3021388e+01  3.4666038e+01 
   351 :  3.3537788e+01  3.4804966e+01 
   352 :  3.4002890e+01  3.4969554e+01 
   353 :  3.4022909e+01  3.5322924e+01 
   354 :  3.4385785e+01  3.5599639e+01 
   355 :  3.3878976e+01  3.5425722e+01 
   356 :  3.3340591e+01  3.5341532e+01 
   357 :  3.2917045e+01  3.5234171e+01 
   358 :  3.2447075e+01  3.5073668e+01 
   359 :  3.2489104e+01  3.4718122e+01 
   360 :  9.0881701e+00  4.1444640e+01 
   361 :  9.4005770e+00  4.1743640e+01 
   362 :  9.5566124e+00  4.2205995e+01 
   363 :  9.4668317e+00  4.2683112e+01 
   364 :  9.3228889e+00  4.2857193e+01 
   365 :  8.8574763e+00  4.2603017e+01 
   366 :  8.5516474e+00  4.2211418e+01 
   367 :  8.7312499e+00  4.1801186e+01 
   368 :  2.4837538e+01  3.4962917e+01 
   369 :  2.5374109e+01  3.4985933e+01 
   370 :  2.5922961e+01  3.5021908e+01 
   371 :  2.6294131e+01  3.5230000e+01 
   372 :  2.5812497e+01  3.5138652e+01 
   373 :  2.5420709e+01  3.5309123e+01 
   374 :  2.4900137e+01  3.5422094e+01 
   375 :  2.4354236e+01  3.5364190e+01 
   376 :  2.3970728e+01  3.5525863e+01 
   377 :  2.3570421e+01  3.5479441e+01 
   378 :  2.3827050e+01  3.5242614e+01 
   379 :  2.4371634e+01  3.5178617e+01 
   380 :  2.4480983e+01  3.7978393e+01 
   381 :  2.4311552e+01  3.8217645e+01 
   382 :  2.4128429e+01  3.8593609e+01 
   383 :  2.3675457e+01  3.8745484e+01 
   384 :  2.3308340e+01  3.9020861e+01 
   385 :  2.3340269e+01  3.8730595e+01 
   386 :  2.3703719e+01  3.8439642e+01 
   387 :  2.4142444e+01  3.8258434e+01 
   388 :  3.0879314e+00  3.9329249e+01 
   389 :  3.3809962e+00  3.9598870e+01 
   390 :  3.1647615e+00  3.9798502e+01 
   391 :  2.8494500e+00  3.9869285e+01 
   392 :  2.4511644e+00  3.9654598e+01 
   393 :  2.7072645e+00  3.9511804e+01 
   394 :  2.6371638e+01  3.8986553e+01 
   395 :  2.6418681e+01  3.9261205e+01 
   396 :  2.6038860e+01  3.9298529e+01 
   397 :  2.6082359e+01  3.9159831e+01 
   398 :  2.1523897e+01  3.6831470e+01 
   399 :  1.5531439e+01  3.6744847e+01 
   400 :  2.0595769e+01  3.8530039e+01 
   401 :  2.9617221e+01  3.5840243e+01 
   402 :  3.4856560e+00  3.9868263e+01 
   403 :  1.6832428e+01  3.7860373e+01 
   404 :  2.8395701e+01  3.1358745e+01 
   405 :  2.0575106e+01  3.3220039e+01 
   406 :  3.8715459e+00  3.9661647e+01 
   407 :  2.6360808e+01  3.4853403e+01 
   408 :  1.4348346e+01  3.6495735e+01 
   409 :  4.1406953e-01  3.8696395e+01 
   410 :  1.7178239e+01  3.1604966e+01 
   411 :  7.9995271e+00  3.9113852e+01 
   412 :  6.1585368e+00  4.2809453e+01 
   413 :  1.5415532e+01  3.2750693e+01 
   414 :  3.1700218e+01  3.1841550e+01 
   415 :  2.5280138e+01  3.5780223e+01 
   416 :  1.2684170e+01  3.8428107e+01 
   417 :  1.8449401e+01  3.9698798e+01 
   418 :  2.3398893e+01  3.5156288e+01 
   419 :  2.7059864e+01  3.1883992e+01 
   420 :  2.6514047e+00  3.9167997e+01 
   421 :  9.7522922e+00  3.9061039e+01 
   422 :  1.2503824e+01  4.0938101e+01 
   423 :  2.1502511e+01  3.6500958e+01 
   424 :  2.5891947e+01  3.9161479e+01 
   425 :  3.4548783e+01  3.2788712e+01 
   426 :  6.5499784e+00  3.7245331e+01 
   427 :  1.3750166e+01  3.3199907e+01 
   428 :  2.5031659e+01  3.4481357e+01 
   429 :  1.1620413e+01  3.5283862e+01 
   430 :  2.3456493e+01  3.6619361e+01 
   431 :  2.1878308e+01  3.3511050e+01 
   432 :  1.3264678e+01  3.6954448e+01 
   433 :  2.6165106e+01  3.8175645e+01 
   434 :  1.3872212e+01  3.8433028e+01 
   435 :  2.7709681e+00  3.7041795e+01 
   436 :  8.0350012e+00  4.1935972e+01 
   437 :  2.3165772e+01  3.2977359e+01 
   438 :  3.8447346e+00  3.7516938e+01 
   439 :  2.5787679e+01  3.9838224e+01 
   440 :  1.9603019e+01  3.2409384e+01 
   441 :  3.2541697e+01  3.4246010e+01 
   442 :  3.1935400e+01  3.4802874e+01 
   443 :  4.2307239e+00  4.0230857e+01 
   444 :  8.0314390e+00  3.7368140e+01 
   445 :  1.7368461e+01  3.8943187e+01 
   446 :  4.7534389e+00  3.9545364e+01 
   447 :  5.1694598e+00  4.0566861e+01 
   448 : -3.8579729e-01  3.7510916e+01 
   449 :  2.4908382e+00  3.9984460e+01 
   450 :  1.1044077e+00  3.6907408e+01 
   451 :  2.6793120e+01  3.5127709e+01 
   452 :  8.6004922e+00  3.8704836e+01 
   453 :  1.0260022e+01  3.7541476e+01 
   454 :  3.1016024e+01  3.2183914e+01 
   455 :  2.3124931e+01  3.5512232e+01 
   456 :  1.1768326e+01  3.8497989e+01 
   457 :  1.0073766e+01  4.1094480e+01 
   458 :  3.3977392e+01  3.4498908e+01 
   459 :  8.0929155e-01  4.0068017e+01 
   460 :  2.6063904e+01  3.8942486e+01 
   461 :  1.6026743e+01  4.3360209e+01 
   462 :  2.0094786e+01  3.9207151e+01 
   463 :  1.3989234e+01  4.0406874e+01 
   464 :  2.4685923e+01  3.8192999e+01 
   465 :  2.7985821e+00  4.0981077e+01 
   466 :  2.8096917e+01  3.6605889e+01 
   467 : -6.6937420e-01  3.6121114e+01 
   468 :  3.0035715e+01  3.1770634e+01 
   469 :  3.7633215e+00  4.2112569e+01 
   470 :  2.5002327e+01  4.0618370e+01 
   471 :  1.1882193e+01  3.3455735e+01 
   472 :  2.4279871e+01  3.2488300e+01 
   473 :  1.8368319e+01  4.2150246e+01 
   474 :  1.9456773e+01  3.1653399e+01 
   475 :  1.7335793e+01  4.2639719e+01 
   476 :  1.5456357e+01  3.9255362e+01 
   477 :  1.0124433e+01  4.0282331e+01 
   478 :  8.3494302e+00  4.2690696e+01 
   479 :  2.1087906e+01  3.7049154e+01 
   480 :  2.0145806e+01  3.5983242e+01 
   481 :  9.1533701e+00  4.3849759e+01 
   482 : -2.4046997e+00  3.6331368e+01 
   483 :  1.5247052e+01  3.8435153e+01 
   484 :  3.1694621e+01  3.6122576e+01 
   485 :  2.6920865e+01  3.4372659e+01 
   486 :  3.5341881e+01  3.4739798e+01 
   487 :  3.0762015e+00  3.8610415e+01 
   488 :  2.5006154e+01  3.7872567e+01 
   489 :  1.3576877e+01  4.4762430e+01 
   490 :  1.5006463e+01  4.3931805e+01 
   491 :  2.5628419e+01  3.1914797e+01 
   492 :  2.3759621e+01  3.4810416e+01 
   493 :  1.1300831e+01  3.6529674e+01 
   494 :  3.2791455e+01  3.1563277e+01 
   495 :  9.4403979e+00  3.7755929e+01 
   496 :  4.0712888e+00  4.3094861e+01 
   497 :  1.1714368e+01  3.6844734e+01 
   498 :  1.6786638e+01  4.1577169e+01 
   499 :  2.0245810e+01  3.7409312e+01 
   500 : -3.5080385e+00  3.5672414e+01 
   501 :  1.5248741e+01  4.3517805e+01 
   502 :  3.2344203e+00  4.0267833e+01 
   503 :  9.2814405e+00  3.8615963e+01 
   504 :  2.4787862e-01  3.8304143e+01 
   505 :  2.8711347e+01  3.5668609e+01 
   506 :  1.4209142e+00  4.0609360e+01 
   507 :  1.0920297e+01  3.3742259e+01 
   508 :  2.5093406e+01  3.2659129e+01 
   509 :  1.5713206e+01  4.2286815e+01 
   510 : -1.3965225e+00  3.7126266e+01 
   511 :  1.6225016e+01  3.1698407e+01 
   512 :  1.1655991e+01  4.1665422e+01 
   513 :  2.3400296e+01  3.9576044e+01 
   514 :  1.6508257e+00  3.8705364e+01 
   515 :  1.3254553e+01  4.5199944e+01 
   516 :  9.6220569e+00  4.2822161e+01 
   517 :  8.9409328e+00  4.2915863e+01 
   518 :  1.9465431e+01  3.9798323e+01 
   519 :  1.0694197e+01  4.2243282e+01 
   520 :  1.7980194e+01  3.1221110e+01 
   521 :  3.5461716e+01  3.5382531e+01 
   522 : -4.3148052e+00  3.5625346e+01 
   523 :  1.8968395e+01  4.1095412e+01 
   524 :  6.8709961e+00  4.2991030e+01 
   525 :  3.4843362e+01  3.3428503e+01 
   526 :  2.4291772e+01  4.0357238e+01 
   527 :  2.4505662e+01  4.0024460e+01 
   528 :  1.2413776e+01  3.9519261e+01 
   529 :  1.0886595e+01  3.7207081e+01 
   530 :  2.5521965e+01  3.8878112e+01 
   531 :  2.2693067e+01  3.4618842e+01 
   532 :  1.7220208e+01  3.9589844e+01 
   533 :  3.5440510e+01  3.5970949e+01 
   534 :  1.6884092e+01  3.2578328e+01 
   535 :  1.6414381e+01  3.4032483e+01 
   536 :  2.4161821e+01  3.8037432e+01 
   537 :  3.4107537e+01  3.2230043e+01 
   538 :  2.6814878e+01  3.5799841e+01 
   539 :  3.2550706e+01  3.2720270e+01 
   540 :  1.5595578e+01  3.7367817e+01 
   541 :  1.6471883e+01  3.6881443e+01 
   542 : -2.4675707e+00  3.5403857e+01 
   543 :  9.8687006e+00  4.2452782e+01 
   544 :  1.4110665e+01  4.4557297e+01 
   545 :  8.6359640e+00  4.1168917e+01 
   546 :  3.2339474e+01  3.5791838e+01 
   547 :  1.2686520e+01  3.3281307e+01 
   548 :  1.3304413e+01  3.4008307e+01 
   549 :  1.6991092e+01  3.8528503e+01 
   550 :  1.8028932e+01  3.8415856e+01 
   551 :  2.3684587e+01  3.5736893e+01 
   552 :  2.4217142e+01  3.5963817e+01 
   553 :  2.5015721e+01  3.6576264e+01 
   554 :  3.3983123e+01  3.3419721e+01 
   555 :  1.9089029e+01  4.0205894e+01 
   556 :  3.0923972e+01  3.6369662e+01 
   557 :  3.0674392e+01  3.5817499e+01 
   558 :  3.0225114e+01  3.4831249e+01 
   559 :  6.5651015e+00  3.9385641e+01 
   560 :  3.4460872e+01  3.5017714e+01 
   561 :  8.3448826e+00  4.3694885e+01 
   562 :  1.1308907e+01  3.4594812e+01 
   563 :  1.9211274e+01  3.0659039e+01 
   564 :  2.1055948e+01  3.8125021e+01 
   565 : -4.8446745e+00  3.6042575e+01 
   566 :  1.9282601e+00  3.9917373e+01 
   567 :  1.2898433e+01  4.4460239e+01 
   568 :  2.5603472e+01  4.0401880e+01 
   569 :  6.4032593e-01  3.9042541e+01 
   570 :  2.3834922e+01  3.7565583e+01 
   571 :  5.1382647e+00  4.2434609e+01 
   572 :  1.5078175e+01  4.2460179e+01 
   573 :  6.8010864e+00  4.2363922e+01 
   574 : -1.3904353e+00  3.6045111e+01 
   575 :  2.3986576e+01  4.0093023e+01 
   576 :  1.7709655e+01  4.1210694e+01 
   577 :  1.4719007e+01  3.8756902e+01 
   578 :  2.5006692e+01  3.9383662e+01 
   579 :  1.6269836e+01  4.2420486e+01 
   580 : -7.1193089e-02  3.6327746e+01 
   581 :  1.3722081e+01  4.4073280e+01 
   582 :  9.9398171e+00  4.1844387e+01 
   583 :  1.1141691e+01  3.5984982e+01 
   584 :  3.4330243e+01  3.6115950e+01 
   585 :  1.7845930e+01  3.9442786e+01 
   586 :  7.7018828e+00  4.3341090e+01 
   587 :  1.8451115e+01  3.2042463e+01 
   588 :  1.5571941e+01  3.8438239e+01 
   589 :  2.6193992e+01  3.8610479e+01 
   590 :  1.7242535e+01  3.9982344e+01 
   591 :  1.3232352e+01  3.5489977e+01 
   592 :  1.8918485e+01  3.9773874e+01 
   593 :  1.9234674e+01  3.9191031e+01 
   594 :  1.0277947e+01  3.8391862e+01 
   595 :  5.2110669e+00  3.8517992e+01 
   596 :  2.2735587e+00  3.7648763e+01 
   597 :  2.2095634e+00  3.9406491e+01 
   598 :  1.1197670e+01  4.0672349e+01 
   599 :  3.2990798e+01  3.5648782e+01 
   600 :  1.0753591e+01  3.4182214e+01 
   601 :  1.1578388e+01  3.7565409e+01 
   602 :  2.3741007e+01  3.9249936e+01 
   603 :  1.0465789e+01  3.9465626e+01 
   604 :  2.1024287e+01  3.4398481e+01 
   605 :  1.8985491e+01  3.3726191e+01 
   606 :  2.2135320e+01  3.5897936e+01 
   607 :  1.4527538e+01  4.0130279e+01 
   608 :  7.6956670e+00  3.8288619e+01 
   609 :  2.6033063e+01  3.5658157e+01 
   610 :  9.4225442e+00  4.3173705e+01 
   611 :  2.3302257e+01  3.9949748e+01 
   612 :  3.7691825e+00  4.1199787e+01 
   613 :  2.9609731e+01  3.2893673e+01 
   614 :  6.8436247e-01  3.7639534e+01 
   615 : -4.0278470e+00  3.6282127e+01 
   616 :  2.9114440e+01  3.1467354e+01 
   617 :  1.2245487e+01  3.4256743e+01 
   618 :  1.5628637e+01  3.7900685e+01 
   619 :  2.3290218e+01  3.7067988e+01 
   620 :  2.3954366e+01  3.6972352e+01 
   621 :  2.6000561e+01  3.7141211e+01 
   622 :  2.6373491e+01  3.7741206e+01 
   623 :  2.7096035e+01  3.7304348e+01 
   624 :  2.6835064e+01  3.6932382e+01 
   625 :  2.5719798e+01  3.7812157e+01 
   626 :  3.1367892e+01  3.3678850e+01 
   627 :  3.3743699e+01  3.5824109e+01 
   628 :  2.4000119e+01  3.3650049e+01 
   629 :  2.5860306e+01  3.4558016e+01 
   630 :  2.7216909e+01  3.6846780e+01 
   631 :  2.7100939e+01  3.6449948e+01 
   632 :  3.3301527e+01  3.4085997e+01 
   633 :  8.6702952e+00  3.7906622e+01 
   634 :  1.4595622e+01  4.2976981e+01 
   635 :  2.6801190e+01  3.7558057e+01 
   636 :  1.3366765e+01  4.0610149e+01 
   637 : -2.7741605e+00  3.5810542e+01 
   638 :  2.3331198e+01  3.6089479e+01 
   639 :  2.2941651e+01  4.0240115e+01 
   640 :  7.0037536e+00  4.1129315e+01 
   641 :  9.8697425e+00  4.3510234e+01 
   642 :  2.7735570e+01  3.6064618e+01 
   643 :  2.2320907e+00  4.0573710e+01 
   644 :  2.3118539e+01  3.8883405e+01 
   645 :  2.3837066e+01  3.9773881e+01 
   646 :  4.7860653e+00  3.7558601e+01 
   647 : -8.6112606e-01  3.6787246e+01 
   648 :  2.4557496e+01  3.7417381e+01 
   649 :  2.7978954e+01  3.1767798e+01 
   650 :  2.6580819e+01  3.9082093e+01 
   651 :  7.8329845e+00  4.0120063e+01 
   652 :  3.4736031e+00  3.9266509e+01 
   653 :  2.8067748e+01  3.6415585e+01 
   654 :  2.8445495e+01  3.6280877e+01 
   655 :  1.8454752e+01  3.7051814e+01 
   656 :  1.7746808e+01  4.1847943e+01 
   657 :  2.0254726e+01  3.8849882e+01 
   658 :  1.9736571e+01  3.8218371e+01 
   659 : -1.7541321e-01  3.7945844e+01 
   660 :  1.2705054e+01  4.5321572e+01 
   661 :  2.6583179e+01  3.8827784e+01 
   662 :  2.6381214e+01  3.9380564e+01 
   663 :  3.1576481e+01  3.5449600e+01 
   664 :  8.1482338e+00  4.1150877e+01 
   665 :  1.1405766e+01  3.3810428e+01 
   666 :  3.5252251e-01  3.6847995e+01 
   667 :  2.7348235e+00  4.0305783e+01 
   668 :  1.0488281e+01  3.7152850e+01 
   669 :  1.8638672e+01  4.1578775e+01 
   670 :  7.8360930e+00  3.9589443e+01 
   671 :  6.8897965e+00  3.7253009e+01 
   672 :  1.8639655e+01  4.0420068e+01 
   673 :  1.7761252e+01  4.2351393e+01 
   674 :  1.5450162e+01  3.5781663e+01 
   675 :  1.0703993e+01  4.1511471e+01 
   676 :  2.7453258e+01  3.3013614e+01 
   677 :  2.3456526e+01  3.7724780e+01 
   678 :  2.5668285e+01  3.9443045e+01 
   679 :  2.4161012e+01  4.0574918e+01 
   680 :  2.5289201e+01  3.7379622e+01 
   681 :  1.4491298e+01  4.4802815e+01 
   682 :  1.4591834e+01  4.4259002e+01 
   683 :  3.4831636e+01  3.4153216e+01 
   684 :  2.4391924e+01  3.4658189e+01 
   685 :  3.3583050e+01  3.1647541e+01 
   686 :  1.9792729e+01  3.9511038e+01 
   687 :  2.5346053e+01  3.8302969e+01 
   688 : -1.9686527e+00  3.5624966e+01 
   689 :  2.3070794e+01  3.9087763e+01 
   690 :  3.4874600e+01  3.6358499e+01 
   691 :  3.2240185e+01  3.1568018e+01 
   692 :  1.4672404e+01  3.3886484e+01 
   693 :  2.4695197e+01  3.8638098e+01 
   694 :  3.6874598e+00  4.2632305e+01 
   695 :  1.2848028e+01  4.4977194e+01 
   696 :  2.6776479e+01  3.7849650e+01 
   697 :  1.8414936e+01  4.0858100e+01 
   698 :  2.7524923e+01  3.5331112e+01 
   699 :  2.8438689e+01  3.4430361e+01 
   700 :  2.0016340e+01  3.2861589e+01 
   701 :  2.8968576e+01  3.6221579e+01 
   702 :  1.7409597e+00  3.7056324e+01 
   703 :  2.4408396e+01  3.9326649e+01 
   704 :  9.5659428e+00  4.1455330e+01 
   705 :  1.9596373e+01  3.1075448e+01 
   706 :  1.7584152e+01  3.5503922e+01 
   707 :  2.2704417e+01  3.3385924e+01 
   708 :  2.0626092e+01  3.8096885e+01 
   709 :  2.7764131e+01  3.6500614e+01 
   710 :  3.4891599e+01  3.5832111e+01 
   711 :  1.2466092e+00  3.9441231e+01 
   712 :  2.6276533e+01  3.2228627e+01 
   713 :  1.5095637e+01  3.9687129e+01 
   714 :  1.5825347e+01  4.2952928e+01 
   715 :  1.3223613e+01  3.8621320e+01 
   716 :  1.3818372e+01  3.9451147e+01 
   717 :  2.6615199e+01  3.7312844e+01 
   718 :  2.3648118e+01  3.2646304e+01 
   719 :  2.5266944e+01  3.9881462e+01 
   720 :  2.5001056e+01  4.0284866e+01 
   721 :  3.1854137e+00  3.7343999e+01 
   722 :  2.8337100e+01  3.6553245e+01 
   723 :  8.7167678e+00  4.3308480e+01 
   724 :  2.2006571e+01  3.6574728e+01 
   725 :  7.5702730e+00  4.2721860e+01 
   726 :  1.6736478e+01  4.2823278e+01 
   727 :  1.5856713e+01  3.2175457e+01 
   728 :  6.3561447e+00  3.7750904e+01 
   729 :  1.6426827e+01  4.3207155e+01 
   730 :  1.0145656e+01  4.2867548e+01 
   731 :  3.0415752e-01  3.9474883e+01 
   732 :  3.5538571e+01  3.6367863e+01 
   733 :  2.5687177e+01  3.3595033e+01 
   734 :  1.1915686e+01  3.6195810e+01 
   735 :  2.6139173e+01  3.6335224e+01 
   736 :  1.4329856e+01  4.3576179e+01 
   737 :  2.4553355e+01  4.0521176e+01 
   738 :  3.7301959e+00  4.0216540e+01 
   739 :  2.1249175e+01  3.3364636e+01 
   740 :  7.3572899e+00  3.7423527e+01 
   741 :  1.8995926e+01  4.0677456e+01 
   742 :  3.2350818e+01  3.5324211e+01 
   743 : -3.2885445e+00  3.6299421e+01 
   744 :  1.2465617e+01  3.6819155e+01 
   745 :  3.4895851e+01  3.5331204e+01 
   746 :  2.3274795e+00  3.6957790e+01 
   747 :  1.8752047e+01  3.1064804e+01 
   748 :  4.1373851e+00  3.8752219e+01 
   749 :  1.6971897e+01  4.2186284e+01 
   750 :  1.5587605e+01  3.8808549e+01 
   751 :  8.5575782e+00  4.1500219e+01 
Number of triangles 1120 
     0 :    432    408    334 
     1 :    477    342    341 
     2 :    640    651    346 
     3 :    728    128    127 
     4 :    590    223    222 
     5 :    564    708    281 
     6 :    387    536    380 
     7 :    567    239    238 
     8 :    512    200    199 
     9 :    245    244    246 
    10 :    611    304    303 
    11 :    564    280    272 
    12 :    459    171    170 
    13 :    709     18     17 
    14 :    552    375    374 
    15 :    585    593    417 
    16 :    481    190    189 
    17 :    679    312    311 
    18 :    658    655    499 
    19 :    588    212    211 
    20 :    400    708    272 
    21 :    599     31     30 
    22 :    507    107    106 
    23 :    571    612    447 
    24 :    426    728    127 
    25 :    438    748    487 
    26 :    400    272    271 
    27 :    701     21     20 
    28 :    713    577    476 
    29 :    557     24     23 
    30 :    618    540    213 
    31 :    708    564    272 
    32 :    698    642    538 
    33 :    512    198    197 
    34 :    606    288    286 
    35 :    667    502    465 
    36 :    591    674    408 
    37 :    603    598    477 
    38 :    555    672    224 
    39 :    415    552    374 
    40 :    681    249    248 
    41 :    618    324    323 
    42 :    582    704    457 
    43 :    611    639    304 
    44 :    556     27     26 
    45 :    662      2      1 
    46 :    491     70     69 
    47 :    600    108    107 
    48 :    730    196    195 
    49 :    521     42     41 
    50 :    651    347    346 
    51 :    611    308    307 
    52 :    515    246    244 
    53 :    606    638    288 
    54 :    432    332    331 
    55 :    552    620    430 
    56 :    599    742    357 
    57 :    627    599    356 
    58 :    515    247    246 
    59 :    581    544    489 
    60 :    630     14     13 
    61 :    649    616    613 
    62 :    612    738    443 
    63 :    512    422    200 
    64 :    580    140    139 
    65 :    650      4      3 
    66 :    458    560    352 
    67 :    575    527    310 
    68 :    619    290    289 
    69 :    708    499    281 
    70 :    640    571    447 
    71 :    403    549    214 
    72 :    454     59     58 
    73 :    738    612    502 
    74 :    695    489    515 
    75 :    589    687    433 
    76 :    554    537    425 
    77 :    658    708    400 
    78 :    751    664    545 
    79 :    619    292    290 
    80 :    612    571    469 
    81 :    660    515    244 
    82 :    690    732     35 
    83 :    434    327    326 
    84 :    600    109    108 
    85 :    507    600    107 
    86 :    525    425     47 
    87 :    677    295    294 
    88 :    627    356    355 
    89 :    483    325    324 
    90 :    536    387    297 
    91 :    575    310    309 
    92 :    427    547    100 
    93 :    520    410     91 
    94 :    343    360    344 
    95 :    603    594    456 
    96 :    728    646    128 
    97 :    539    685    537 
    98 :    528    603    456 
    99 :    609    373    372 
   100 :    743    482    157 
   101 :    639    611    307 
   102 :    599    627     31 
   103 :    576    498    228 
   104 :    566    506    459 
   105 :    730    195    194 
   106 :    501    461    254 
   107 :    551    455    377 
   108 :    661    589      7 
   109 :    583    115    114 
   110 :    602    384    383 
   111 :    622    625    621 
   112 :     37     36     38 
   113 :    519    512    197 
   114 :    537     49     48 
   115 :    568    319    317 
   116 :    730    610    516 
   117 :    454    468     59 
   118 :    589    433      8 
   119 :    692    674    591 
   120 :    504    614    514 
   121 :    445    585    217 
   122 :    623     12     11 
   123 :    724    286    285 
   124 :    711    569    514 
   125 :    646    748    438 
   126 :    443    738    406 
   127 :    473    261    260 
   128 :    481    191    190 
   129 :    714    572    509 
   130 :    610    517    364 
   131 :    630     17     14 
   132 :    624    717    621 
   133 :    479    423    398 
   134 :    556    484     27 
   135 :    596    721    487 
   136 :    547    101    100 
   137 :    655    550    403 
   138 :    578    693    530 
   139 :    605    700    405 
   140 :    444    123    122 
   141 :    565    151    150 
   142 :    420    597    514 
   143 :    670    651    559 
   144 :    479    282    281 
   145 :    296    648    380 
   146 :    564    281    280 
   147 :    700    605    440 
   148 :    536    296    380 
   149 :    719    720    527 
   150 :    618    213    212 
   151 :    510    160    159 
   152 :    543    582    519 
   153 :    498    230    229 
   154 :    502    391    390 
   155 :    319    568      0 
   156 :    528    636    422 
   157 :    401    557     23 
   158 :    567    581    489 
   159 :    449    392    391 
   160 :    597    711    514 
   161 :    706    605    480 
   162 :    586    187    186 
   163 :    460    589    394 
   164 :    655    658    550 
   165 :    399    540    321 
   166 :    555    518    266 
   167 :    654    701     20 
   168 :    685    539    494 
   169 :    711    597    566 
   170 :    530    589    460 
   171 :    543    363    362 
   172 :    550    585    445 
   173 :    513    611    303 
   174 :    677    293    292 
   175 :    561    481    189 
   176 :    701    401     22 
   177 :    503    421    338 
   178 :    658    593    550 
   179 :    541    655    403 
   180 :    539    691    494 
   181 :    681    250    249 
   182 :    714    634    572 
   183 :    664    640    346 
   184 :    723    478    517 
   185 :    639    305    304 
   186 :    737    526    527 
   187 :    513    303    302 
   188 :    459    506    171 
   189 :    696     11     10 
   190 :    451    538    371 
   191 :    631    709     17 
   192 :    583    114    113 
   193 :    693    703    382 
   194 :    447    612    443 
   195 :    663    558    442 
   196 :    636    716    463 
   197 :    549    215    214 
   198 :    590    219    218 
   199 :    570    648    296 
   200 :    627    355    354 
   201 :    664    346    345 
   202 :    698    451    485 
   203 :    583    493    115 
   204 :    472     72     71 
   205 :    412    524    185 
   206 :    384    602    302 
   207 :    589    661    394 
   208 :    651    640    559 
   209 :    585    532    217 
   210 :    711    566    459 
   211 :    478    436    366 
   212 :    665    600    507 
   213 :    524    586    186 
   214 :    642    709    631 
   215 :    581    567    238 
   216 :    565    152    151 
   217 :    600    665    562 
   218 :    609    372    371 
   219 :    496    180    179 
   220 :    696    635     11 
   221 :    732     36     35 
   222 :    578    719    527 
   223 :    590    585    223 
   224 :    571    694    469 
   225 :    742    358    357 
   226 :    674    692    535 
   227 :    635    623     11 
   228 :    605    535    534 
   229 :    539    632    441 
   230 :    634    714    501 
   231 :    653    709    642 
   232 :    570    677    292 
   233 :    574    647    159 
   234 :    556     26     25 
   235 :    396    662      1 
   236 :    552    376    375 
   237 :    551    638    455 
   238 :    676    649    613 
   239 :    717    622    621 
   240 :    682    736    490 
   241 :    730    519    196 
   242 :    745    560    486 
   243 :    621    680    553 
   244 :    639    307    306 
   245 :    484     28     27 
   246 :    691    539    414 
   247 :    688    574    482 
   248 :    670    559    411 
   249 :    518    267    266 
   250 :    502    612    465 
   251 :    545    344    360 
   252 :    511     93     92 
   253 :    446    443    406 
   254 :    500    148    147 
   255 :    429    583    112 
   256 :    613    616    468 
   257 :    644    300    299 
   258 :    712    508    491 
   259 :    367    751    360 
   260 :    398    284    283 
   261 :    707    531    431 
   262 :    540    618    323 
   263 :    442    626    441 
   264 :    732     39     38 
   265 :    413    692     98 
   266 :    648    488    380 
   267 :    492    379    378 
   268 :    572    233    232 
   269 :    462    269    268 
   270 :    605    706    535 
   271 :    662    396    395 
   272 :    470    315    314 
   273 :    634    235    234 
   274 :    737    314    313 
   275 :    532    590    218 
   276 :    457    704    343 
   277 :    571    183    182 
   278 :    526    679    311 
   279 :    566    597    392 
   280 :    605    604    480 
   281 :    678    530    424 
   282 :    732    690    533 
   283 :    343    704    360 
   284 :    672    225    224 
   285 :    654    642    505 
   286 :    744    591    432 
   287 :    542    146    145 
   288 :    641    193    192 
   289 :    686    462    268 
   290 :    579    714    509 
   291 :    580    467    140 
   292 :    532    218    217 
   293 :    681    251    250 
   294 :    696     10      9 
   295 :    750    210    209 
   296 :    692    591    548 
   297 :    488    464    380 
   298 :    486     44     43 
   299 :    607    713    206 
   300 :    425    537     48 
   301 :    615    155    154 
   302 :    713    208    207 
   303 :    657    658    400 
   304 :    517    365    364 
   305 :    439      1      0 
   306 :    739    604    405 
   307 :    633    122    121 
   308 :    685     53     52 
   309 :    698    538    451 
   310 :    660    244    243 
   311 :    433    622      9 
   312 :    625    680    621 
   313 :    606    423    480 
   314 :    642    631    538 
   315 :    349    411    336 
   316 :    499    479    281 
   317 :    550    549    403 
   318 :    604    739    431 
   319 :    655    706    480 
   320 :    641    730    194 
   321 :    658    657    593 
   322 :    430    619    289 
   323 :    730    543    519 
   324 :    747    705    474 
   325 :    445    217    216 
   326 :    695    567    489 
   327 :    452    337    336 
   328 :    638    606    455 
   329 :    601    529    116 
   330 :    732     38     36 
   331 :    543    516    363 
   332 :    665    105    104 
   333 :    598    603    528 
   334 :    558    626    442 
   335 :    694    571    496 
   336 :    584    627    354 
   337 :    547    471    103 
   338 :    669    263    262 
   339 :    701     22     21 
   340 :    565    153    152 
   341 :    552    638    551 
   342 :    491    508     71 
   343 :    643    174    173 
   344 :    616     61     60 
   345 :    504    165    164 
   346 :    499    480    479 
   347 :    695    242    241 
   348 :    592    555    224 
   349 :    509    572    232 
   350 :    647    448    162 
   351 :    686    268    267 
   352 :    454     58     57 
   353 :    609    415    373 
   354 :    605    587    440 
   355 :    730    641    610 
   356 :    461    255    254 
   357 :    687    589    530 
   358 :    593    592    417 
   359 :    568    439      0 
   360 :    421    339    338 
   361 :    568    719    439 
   362 :    545    345    344 
   363 :    723    586    478 
   364 :    538    609    371 
   365 :    540    323    322 
   366 :    426    127    126 
   367 :    720    737    527 
   368 :    407    371    370 
   369 :    554    539    537 
   370 :    501    254    253 
   371 :    496    571    182 
   372 :    585    590    532 
   373 :    493    116    115 
   374 :    751    545    360 
   375 :    448    163    162 
   376 :    587    605    534 
   377 :    521    486     42 
   378 :    588    750    483 
   379 :    418    378    377 
   380 :    607    205    204 
   381 :    551    377    376 
   382 :    699    676    613 
   383 :    599    357    356 
   384 :    662      3      2 
   385 :    669    262    261 
   386 :    715    329    328 
   387 :    442    359    358 
   388 :    622    696      9 
   389 :    741    555    265 
   390 :    680    625    488 
   391 :    727    413     96 
   392 :    702    614    450 
   393 :    741    265    264 
   394 :    607    206    205 
   395 :    604    605    405 
   396 :    742    599    546 
   397 :    645    703    527 
   398 :    563     86     85 
   399 :    479    283    282 
   400 :    750    577    483 
   401 :    601    331    330 
   402 :    516    610    364 
   403 :    733    712    676 
   404 :    544    681    248 
   405 :    590    220    219 
   406 :    750    211    210 
   407 :    507    106    105 
   408 :    506    173    172 
   409 :    410    511     92 
   410 :    716    713    607 
   411 :    555    266    265 
   412 :    547    103    102 
   413 :    601    594    453 
   414 :    703    602    382 
   415 :    517    478    365 
   416 :    731    167    166 
   417 :    678    396      1 
   418 :    503    338    337 
   419 :    496    182    181 
   420 :    706    674    535 
   421 :    640    573    571 
   422 :    500    615    522 
   423 :    406    738    402 
   424 :    694    179    178 
   425 :    509    232    231 
   426 :    652    389    388 
   427 :    712    733    508 
   428 :    417    224    223 
   429 :    713    207    206 
   430 :    393    420    388 
   431 :    541    403    213 
   432 :    689    301    300 
   433 :    668    119    118 
   434 :    644    385    384 
   435 :    524    186    185 
   436 :    489    544    248 
   437 :    682    252    251 
   438 :    490    253    252 
   439 :    692    427     98 
   440 :    590    222    221 
   441 :    499    655    480 
   442 :    698    699    505 
   443 :    611    645    308 
   444 :    529    117    116 
   445 :    505    558    401 
   446 :    409    166    165 
   447 :    722     20     19 
   448 :    704    582    361 
   449 :    742    442    358 
   450 :    559    640    447 
   451 :    593    657    462 
   452 :    724    606    286 
   453 :    668    453    119 
   454 :    689    302    301 
   455 :    510    162    161 
   456 :    704    361    360 
   457 :    660    695    515 
   458 :    610    641    481 
   459 :    397    460    394 
   460 :    534    535    413 
   461 :    587    410    520 
   462 :    647    666    448 
   463 :    546    599     30 
   464 :    416    330    329 
   465 :    743    615    500 
   466 :    736    501    490 
   467 :    582    543    362 
   468 :    598    457    477 
   469 :    577    750    476 
   470 :    693    382    381 
   471 :    435    134    133 
   472 :    531    604    431 
   473 :    668    118    117 
   474 :    635    696    622 
   475 :    500    522    148 
   476 :    568    316    315 
   477 :    453    594    495 
   478 :    695    660    242 
   479 :    722    654     20 
   480 :    581    682    544 
   481 :    603    340    339 
   482 :    612    176    175 
   483 :    708    658    499 
   484 :    565    615    154 
   485 :    684    628    428 
   486 :    604    606    480 
   487 :    703    693    578 
   488 :    691     55     54 
   489 :    727    534    413 
   490 :    598    528    422 
   491 :    527    526    310 
   492 :    713    716    577 
   493 :    511     95     94 
   494 :    593    585    550 
   495 :    683    560    458 
   496 :    614    596    514 
   497 :    359    441    350 
   498 :    560    354    353 
   499 :    560    683    486 
   500 :    693    687    530 
   501 :    731    169    168 
   502 :    594    503    495 
   503 :    570    296    295 
   504 :    420    514    487 
   505 :    699    613    558 
   506 :    403    214    213 
   507 :    661      7      5 
   508 :    571    184    183 
   509 :    540    541    213 
   510 :    679    313    312 
   511 :    629    370    369 
   512 :    478    366    365 
   513 :    680    648    553 
   514 :    729    256    255 
   515 :    453    495    120 
   516 :    464    381    380 
   517 :    671    126    125 
   518 :    542    145    144 
   519 :    687    625    433 
   520 :    395    650      3 
   521 :    571    573    412 
   522 :    562    617    429 
   523 :    594    601    456 
   524 :    740    125    124 
   525 :    495    121    120 
   526 :    645    611    513 
   527 :    736    682    581 
   528 :    555    592    518 
   529 :    743    637    482 
   530 :    741    672    555 
   531 :    483    577    325 
   532 :    633    444    122 
   533 :    737    470    314 
   534 :    522    150    149 
   535 :    685     51     50 
   536 :    660    243    242 
   537 :    725    436    478 
   538 :    745    486    521 
   539 :    594    603    421 
   540 :    623    624     13 
   541 :    595    559    446 
   542 :    577    326    325 
   543 :    518    686    267 
   544 :    491     69     68 
   545 :    402    502    390 
   546 :    401     23     22 
   547 :    335    408    320 
   548 :    640    664    436 
   549 :    489    248    247 
   550 :    614    702    596 
   551 :    627     32     31 
   552 :    556     25     24 
   553 :    714    461    501 
   554 :    413     97     96 
   555 :    649     66     65 
   556 :    572    634    234 
   557 :    682    490    252 
   558 :    567    240    239 
   559 :    626    539    441 
   560 :    519    197    196 
   561 :    470    568    315 
   562 :    746    135    134 
   563 :    580    139    138 
   564 :    694    496    179 
   565 :    620    570    292 
   566 :    648    680    488 
   567 :    402    390    389 
   568 :    661      5      4 
   569 :    685    494     53 
   570 :    657    271    269 
   571 :    471    104    103 
   572 :    495    633    121 
   573 :    553    620    552 
   574 :    649     65     64 
   575 :    433      9      8 
   576 :    683     45     44 
   577 :    735    624    621 
   578 :    457    343    342 
   579 :    424    460    397 
   580 :    584     33     32 
   581 :    521     41     40 
   582 :    559    608    411 
   583 :    593    686    518 
   584 :    522    565    150 
   585 :    568    317    316 
   586 :    681    682    251 
   587 :    632    351    350 
   588 :    670    349    348 
   589 :    574    142    141 
   590 :    743    157    156 
   591 :    679    737    313 
   592 :    561    189    188 
   593 :    606    604    531 
   594 :    597    393    392 
   595 :    468    616     60 
   596 :    533    521     40 
   597 :    724    285    284 
   598 :    600    110    109 
   599 :    690     34     33 
   600 :    412    185    184 
   601 :    651    348    347 
   602 :    481    641    192 
   603 :    440    474     82 
   604 :    438    132    131 
   605 :    615    565    522 
   606 :    659    164    163 
   607 :    726    257    256 
   608 :    586    723    561 
   609 :    559    447    446 
   610 :    715    416    329 
   611 :    535    692    413 
   612 :    437     76     75 
   613 :    673    259    258 
   614 :    613    626    558 
   615 :    624    630     13 
   616 :    582    362    361 
   617 :    641    194    193 
   618 :    691     56     55 
   619 :    626    613    454 
   620 :    436    751    367 
   621 :    719    678    439 
   622 :    716    607    463 
   623 :    414     57     56 
   624 :    737    679    526 
   625 :    546     30     29 
   626 :    473    260    259 
   627 :    707     77     76 
   628 :    717    635    622 
   629 :    556    557    484 
   630 :    740    728    671 
   631 :    686    593    462 
   632 :    636    203    202 
   633 :    619    620    292 
   634 :    676    712    419 
   635 :    628    718    472 
   636 :    627    584     32 
   637 :    677    294    293 
   638 :    430    289    288 
   639 :    608    452    411 
   640 :    429    112    111 
   641 :    549    445    216 
   642 :    399    321    320 
   643 :    540    322    321 
   644 :    662    395      3 
   645 :    583    113    112 
   646 :    402    738    502 
   647 :    697    226    225 
   648 :    616     62     61 
   649 :    616     63     62 
   650 :    454    613    468 
   651 :    699    698    485 
   652 :    706    655    541 
   653 :    718     74     73 
   654 :    404     64     63 
   655 :    666    647    580 
   656 :    718     75     74 
   657 :    428    369    368 
   658 :    481    192    191 
   659 :    415    374    373 
   660 :    450    137    136 
   661 :    639    306    305 
   662 :    545    664    345 
   663 :    467    141    140 
   664 :    408    674    320 
   665 :    709    466     18 
   666 :    649    676    419 
   667 :    688    144    143 
   668 :    487    652    388 
   669 :    623     13     12 
   670 :    432    333    332 
   671 :    533     40     39 
   672 :    503    633    495 
   673 :    705     84     83 
   674 :    674    706    541 
   675 :    748    595    446 
   676 :    587    534    410 
   677 :    690     35     34 
   678 :    436    367    366 
   679 :    688    143    142 
   680 :    562    111    110 
   681 :    700     81     80 
   682 :    691    414     56 
   683 :    650    395    394 
   684 :    425     48     47 
   685 :    652    406    389 
   686 :    637    688    482 
   687 :    440     82     81 
   688 :    715    528    416 
   689 :    498    229    228 
   690 :    474     83     82 
   691 :    558    557    401 
   692 :    572    234    233 
   693 :    525     46     45 
   694 :    702    136    135 
   695 :    482    159    158 
   696 :    552    551    376 
   697 :    498    749    231 
   698 :    475    258    257 
   699 :    530    460    424 
   700 :    720    719    568 
   701 :    721    133    132 
   702 :    643    465    174 
   703 :    563     88     87 
   704 :    636    202    201 
   705 :    608    740    444 
   706 :    539    454    414 
   707 :    587    747    474 
   708 :    625    622    433 
   709 :    678    578    530 
   710 :    669    697    523 
   711 :    586    725    478 
   712 :    716    636    528 
   713 :    463    204    203 
   714 :    603    477    340 
   715 :    638    430    288 
   716 :    467    574    141 
   717 :    644    689    300 
   718 :    710    584    354 
   719 :    480    423    479 
   720 :    671    728    426 
   721 :    666    138    137 
   722 :    628    684    492 
   723 :    646    131    130 
   724 :    419     67     66 
   725 :    690    710    533 
   726 :    506    643    173 
   727 :    632    554    458 
   728 :    405     80     79 
   729 :    718    437     75 
   730 :    682    681    544 
   731 :    750    588    211 
   732 :    477    341    340 
   733 :    494     54     53 
   734 :    531    628    492 
   735 :    523    264    263 
   736 :    459    170    169 
   737 :    713    476    208 
   738 :    748    646    595 
   739 :    736    237    236 
   740 :    558    663    557 
   741 :    410     92     91 
   742 :    589      8      7 
   743 :    539    626    454 
   744 :    422    201    200 
   745 :    677    570    295 
   746 :    601    744    331 
   747 :    737    720    470 
   748 :    707    628    531 
   749 :    705    747    563 
   750 :    471    665    104 
   751 :    581    238    237 
   752 :    468     60     59 
   753 :    628    707    437 
   754 :    560    353    352 
   755 :    562    429    111 
   756 :    739     79     78 
   757 :    712     68     67 
   758 :    617    591    429 
   759 :    434    328    327 
   760 :    647    510    159 
   761 :    731    711    459 
   762 :    554    683    458 
   763 :    694    178    177 
   764 :    637    743    500 
   765 :    654    722    653 
   766 :    431     78     77 
   767 :    547    617    471 
   768 :    597    420    393 
   769 :    697    669    576 
   770 :    687    693    464 
   771 :    588    483    324 
   772 :    731    459    169 
   773 :    733    676    485 
   774 :    689    384    302 
   775 :    615    156    155 
   776 :    586    188    187 
   777 :    657    400    271 
   778 :    520     90     89 
   779 :    727     96     95 
   780 :    674    399    320 
   781 :    747     89     88 
   782 :    474    705     83 
   783 :    458    352    351 
   784 :    596    487    514 
   785 :    672    697    225 
   786 :    590    221    220 
   787 :    580    647    467 
   788 :    533    710    521 
   789 :    566    643    506 
   790 :    718    628    437 
   791 :    666    614    448 
   792 :    671    426    126 
   793 :    516    364    363 
   794 :    476    209    208 
   795 :    600    562    110 
   796 :    542    637    146 
   797 :    684    428    368 
   798 :    634    236    235 
   799 :    646    728    595 
   800 :    465    175    174 
   801 :    453    120    119 
   802 :    576    227    226 
   803 :    732    533     39 
   804 :    736    581    237 
   805 :    469    694    177 
   806 :    537     50     49 
   807 :    428    629    369 
   808 :    549    216    215 
   809 :    649    419     66 
   810 :    385    644    299 
   811 :    734    583    429 
   812 :    659    504    164 
   813 :    548    547    427 
   814 :    606    531    455 
   815 :    506    172    171 
   816 :    685     52     51 
   817 :    497    601    116 
   818 :    591    734    429 
   819 :    409    569    166 
   820 :    711    731    569 
   821 :    569    731    166 
   822 :    669    523    263 
   823 :    427    100     99 
   824 :    534    511    410 
   825 :    469    177    176 
   826 :    484     29     28 
   827 :    703    645    602 
   828 :    511     94     93 
   829 :    577    434    326 
   830 :    547    102    101 
   831 :    705     85     84 
   832 :    512    598    422 
   833 :    456    601    330 
   834 :    647    574    467 
   835 :    461    729    255 
   836 :    565    154    153 
   837 :    665    507    105 
   838 :    741    697    672 
   839 :    379    684    368 
   840 :    510    161    160 
   841 :    463    607    204 
   842 :    665    617    562 
   843 :    444    124    123 
   844 :    522    149    148 
   845 :    512    199    198 
   846 :    406    402    389 
   847 :    676    699    485 
   848 :    554    632    539 
   849 :    473    669    261 
   850 :    465    612    175 
   851 :    678    424    396 
   852 :    448    659    163 
   853 :    494    691     54 
   854 :    747    587    520 
   855 :    740    671    125 
   856 :    592    593    518 
   857 :    567    241    240 
   858 :    723    610    481 
   859 :    407    451    371 
   860 :    620    619    430 
   861 :    472     73     72 
   862 :    553    552    415 
   863 :    576    656    498 
   864 :    500    147    146 
   865 :    648    620    553 
   866 :    584    690     33 
   867 :    625    687    488 
   868 :    735    631    624 
   869 :    692    548    427 
   870 :    586    561    188 
   871 :    496    181    180 
   872 :    502    667    391 
   873 :    736    634    501 
   874 :    492    684    379 
   875 :    407    629    485 
   876 :    508    628    472 
   877 :    643    667    465 
   878 :    484    546     29 
   879 :    563     87     86 
   880 :    705    563     85 
   881 :    728    608    559 
   882 :    486     43     42 
   883 :    417    592    224 
   884 :    731    168    167 
   885 :    629    733    485 
   886 :    435    746    134 
   887 :    440    587    474 
   888 :    528    456    416 
   889 :    653    722    466 
   890 :    628    733    428 
   891 :    574    688    142 
   892 :    529    668    117 
   893 :    510    647    162 
   894 :    683    554    525 
   895 :    678    719    578 
   896 :    455    418    377 
   897 :    464    693    381 
   898 :    452    503    337 
   899 :    651    670    348 
   900 :    632    458    351 
   901 :    606    724    423 
   902 :    631    630    624 
   903 :    602    513    302 
   904 :    404    649     64 
   905 :    620    648    570 
   906 :    716    715    434 
   907 :    744    432    331 
   908 :    414    454     57 
   909 :    585    417    223 
   910 :    688    542    144 
   911 :    699    558    505 
   912 :    744    734    591 
   913 :    630    631     17 
   914 :    683    525     45 
   915 :    466     19     18 
   916 :    418    492    378 
   917 :    525    554    425 
   918 :    508    472     71 
   919 :    629    407    370 
   920 :    462    657    269 
   921 :    595    728    559 
   922 :    437    707     76 
   923 :    728    740    608 
   924 :    735    621    553 
   925 :    721    435    133 
   926 :    434    715    328 
   927 :    398    423    284 
   928 :    749    579    231 
   929 :    422    636    201 
   930 :    688    637    542 
   931 :    421    603    339 
   932 :    579    509    231 
   933 :    674    541    399 
   934 :    667    449    391 
   935 :    614    666    450 
   936 :    486    683     44 
   937 :    439    678      1 
   938 :    748    446    406 
   939 :    617    665    471 
   940 :    441    632    350 
   941 :    726    475    257 
   942 :    493    497    116 
   943 :    504    409    165 
   944 :    449    566    392 
   945 :    710    745    521 
   946 :    560    745    354 
   947 :    650    661      4 
   948 :    557    556     24 
   949 :    673    473    259 
   950 :    490    501    253 
   951 :    416    456    330 
   952 :    537    685     50 
   953 :    476    750    209 
   954 :    609    735    415 
   955 :    420    487    388 
   956 :    488    687    464 
   957 :    666    580    138 
   958 :    571    412    184 
   959 :    602    645    513 
   960 :    612    469    176 
   961 :    670    411    349 
   962 :    479    398    283 
   963 :    446    447    443 
   964 :    596    746    435 
   965 :    733    629    428 
   966 :    616    404     63 
   967 :    561    723    481 
   968 :    418    531    492 
   969 :    745    710    354 
   970 :    511    727     95 
   971 :    703    578    527 
   972 :    689    644    384 
   973 :    742    663    442 
   974 :    636    463    203 
   975 :    523    741    264 
   976 :    423    724    284 
   977 :    646    438    131 
   978 :    534    727    511 
   979 :    543    730    516 
   980 :    717    624    623 
   981 :    702    450    136 
   982 :    405    700     80 
   983 :    485    451    407 
   984 :    573    640    436 
   985 :    700    440     81 
   986 :    637    500    146 
   987 :    444    740    124 
   988 :    594    421    503 
   989 :    567    695    241 
   990 :    697    576    226 
   991 :    438    721    132 
   992 :    635    717    623 
   993 :    450    666    137 
   994 :    701    505    401 
   995 :    712    491     68 
   996 :    697    741    523 
   997 :    746    702    135 
   998 :    725    573    436 
   999 :    747    520     89 
  1000 :    541    540    399 
  1001 :    582    675    519 
  1002 :    748    652    487 
  1003 :    675    582    457 
  1004 :    675    512    519 
  1005 :    726    714    579 
  1006 :    744    601    497 
  1007 :    707    431     77 
  1008 :    575    309    308 
  1009 :    739    405     79 
  1010 :    610    723    517 
  1011 :    710    690    584 
  1012 :    661    650    394 
  1013 :    419    712     67 
  1014 :    475    673    258 
  1015 :    729    726    256 
  1016 :    631    735    538 
  1017 :    615    743    156 
  1018 :    466    722     19 
  1019 :    735    553    415 
  1020 :    563    747     88 
  1021 :    424    397    396 
  1022 :    412    573    524 
  1023 :    577    716    434 
  1024 :    549    550    445 
  1025 :    455    531    418 
  1026 :    652    748    406 
  1027 :    431    739     78 
  1028 :    557    663    484 
  1029 :    663    742    546 
  1030 :    452    633    503 
  1031 :    721    596    435 
  1032 :    598    675    457 
  1033 :    634    736    236 
  1034 :    726    749    475 
  1035 :    733    628    508 
  1036 :    472    718     73 
  1037 :    633    608    444 
  1038 :    663    546    484 
  1039 :    720    568    470 
  1040 :    726    729    714 
  1041 :    643    566    449 
  1042 :    701    654    505 
  1043 :    583    734    493 
  1044 :    714    729    461 
  1045 :    725    586    524 
  1046 :    715    716    528 
  1047 :    702    746    596 
  1048 :    548    617    547 
  1049 :    591    617    548 
  1050 :    709    653    466 
  1051 :    749    726    579 
  1052 :    735    609    538 
  1053 :    576    669    656 
  1054 :    656    749    498 
  1055 :    749    673    475 
  1056 :    675    598    512 
  1057 :    526    311    310 
  1058 :    614    659    448 
  1059 :    608    633    452 
  1060 :    667    643    449 
  1061 :    734    744    497 
  1062 :    734    497    493 
  1063 :    573    725    524 
  1064 :    656    669    473 
  1065 :    659    614    504 
  1066 :    673    656    473 
  1067 :    673    749    656 
  1068 :    128    130    129 
  1069 :    413     98     97 
  1070 :    288    287    286 
  1071 :    273    272    280 
  1072 :    279    273    280 
  1073 :     15     14     16 
  1074 :    292    291    290 
  1075 :    385    299    298 
  1076 :    279    274    273 
  1077 :    278    274    279 
  1078 :    275    274    278 
  1079 :    408    335    334 
  1080 :      5      7      6 
  1081 :    318    317    319 
  1082 :    514    409    504 
  1083 :    515    489    247 
  1084 :    520     91     90 
  1085 :    298    297    386 
  1086 :    385    298    386 
  1087 :    386    297    387 
  1088 :    482    158    157 
  1089 :    498    231    230 
  1090 :    427     99     98 
  1091 :    432    334    333 
  1092 :    442    441    359 
  1093 :    525     47     46 
  1094 :    536    297    296 
  1095 :    569    409    514 
  1096 :    576    228    227 
  1097 :    588    324    212 
  1098 :    529    601    453 
  1099 :    602    383    382 
  1100 :    638    552    430 
  1101 :    645    575    308 
  1102 :    646    130    128 
  1103 :    616    649    404 
  1104 :    654    653    642 
  1105 :    668    529    453 
  1106 :    721    438    487 
  1107 :    270    269    271 
  1108 :    276    275    278 
  1109 :    277    276    278 
  1110 :     16     14     17 
  1111 :    477    457    342 
  1112 :    491     71     70 
  1113 :    411    452    336 
  1114 :    482    574    159 
  1115 :    432    591    408 
  1116 :    324    618    212 
  1117 :    575    645    527 
  1118 :    642    698    505 
  1119 :    664    751    436 
