Number of nodes 581 
     0 :  2.6172070e+01  3.9985129e+01 
     1 :  2.6183255e+01  3.9478579e+01 
     2 :  2.6859934e+01  3.9541003e+01 
     3 :  2.6828808e+01  3.9109376e+01 
     4 :  2.6824631e+01  3.8748240e+01 
     5 :  2.6941196e+01  3.8398082e+01 
     6 :  2.6467313e+01  3.8660320e+01 
     7 :  2.6275559e+01  3.8255243e+01 
     8 :  2.6843638e+01  3.8091042e+01 
     9 :  2.7238145e+01  3.7767079e+01 
    10 :  2.7417123e+01  3.7361003e+01 
    11 :  2.7259120e+01  3.7081865e+01 
    12 :  2.7817150e+01  3.7010017e+01 
    13 :  2.8083367e+01  3.6925452e+01 
    14 :  2.7458034e+01  3.6740564e+01 
    15 :  2.8039556e+01  3.6773210e+01 
    16 :  2.8324112e+01  3.6820131e+01 
    17 :  2.8885293e+01  3.6650157e+01 
    18 :  2.9197923e+01  3.6334733e+01 
    19 :  2.9808118e+01  3.6171765e+01 
    20 :  3.0425644e+01  3.6233279e+01 
    21 :  3.0576081e+01  3.6749085e+01 
    22 :  3.1181378e+01  3.6830797e+01 
    23 :  3.1791308e+01  3.6607864e+01 
    24 :  3.2293566e+01  3.6268567e+01 
    25 :  3.2862349e+01  3.6065293e+01 
    26 :  3.3520056e+01  3.6158385e+01 
    27 :  3.4064054e+01  3.6358600e+01 
    28 :  3.4537337e+01  3.6737518e+01 
    29 :  3.5149339e+01  3.6640866e+01 
    30 :  3.5675853e+01  3.6735081e+01 
    31 :  3.6182945e+01  3.6729758e+01 
    32 :  3.5821761e+01  3.6311966e+01 
    33 :  3.5849540e+01  3.5804990e+01 
    34 :  3.5918152e+01  3.5317693e+01 
    35 :  3.5920373e+01  3.4789994e+01 
    36 :  3.5726800e+01  3.4342054e+01 
    37 :  3.5500624e+01  3.3852271e+01 
    38 :  3.5249219e+01  3.3356817e+01 
    39 :  3.5043743e+01  3.2847271e+01 
    40 :  3.4849899e+01  3.2339061e+01 
    41 :  3.4643954e+01  3.1829206e+01 
    42 :  3.4288709e+01  3.1385251e+01 
    43 :  3.3741503e+01  3.1133583e+01 
    44 :  3.3124293e+01  3.1088624e+01 
    45 :  3.2510925e+01  3.1118381e+01 
    46 :  3.1994485e+01  3.1200018e+01 
    47 :  3.1495473e+01  3.1467674e+01 
    48 :  3.0964507e+01  3.1462168e+01 
    49 :  3.0381607e+01  3.1470446e+01 
    50 :  2.9886407e+01  3.1210203e+01 
    51 :  2.9376903e+01  3.0895987e+01 
    52 :  2.8806470e+01  3.0957976e+01 
    53 :  2.8201416e+01  3.1085138e+01 
    54 :  2.7604049e+01  3.1194335e+01 
    55 :  2.7043972e+01  3.1407167e+01 
    56 :  2.6425397e+01  3.1516237e+01 
    57 :  2.5808873e+01  3.1609954e+01 
    58 :  2.5197867e+01  3.1539522e+01 
    59 :  2.4882440e+01  3.1982155e+01 
    60 :  2.4252237e+01  3.2003475e+01 
    61 :  2.3660448e+01  3.2178089e+01 
    62 :  2.3112085e+01  3.2371885e+01 
    63 :  2.2776804e+01  3.2725981e+01 
    64 :  2.2172609e+01  3.2901187e+01 
    65 :  2.1546849e+01  3.2867079e+01 
    66 :  2.0947141e+01  3.2708936e+01 
    67 :  2.0400878e+01  3.2429023e+01 
    68 :  1.9993953e+01  3.2019193e+01 
    69 :  1.9991590e+01  3.1491212e+01 
    70 :  2.0128898e+01  3.0988632e+01 
    71 :  1.9781128e+01  3.0542381e+01 
    72 :  1.9239482e+01  3.0282512e+01 
    73 :  1.8658838e+01  3.0427762e+01 
    74 :  1.8177536e+01  3.0772559e+01 
    75 :  1.7599287e+01  3.0983291e+01 
    76 :  1.7005507e+01  3.1161756e+01 
    77 :  1.6379719e+01  3.1219226e+01 
    78 :  1.5784143e+01  3.1381626e+01 
    79 :  1.5421668e+01  3.1811337e+01 
    80 :  1.5247740e+01  3.2320036e+01 
    81 :  1.4647656e+01  3.2473835e+01 
    82 :  1.4088192e+01  3.2721360e+01 
    83 :  1.3471727e+01  3.2852990e+01 
    84 :  1.2857223e+01  3.2807042e+01 
    85 :  1.2227985e+01  3.2868383e+01 
    86 :  1.1660433e+01  3.3106076e+01 
    87 :  1.1193521e+01  3.3326832e+01 
    88 :  1.0815695e+01  3.3501574e+01 
    89 :  1.0312053e+01  3.3734990e+01 
    90 :  1.0043200e+01  3.4193509e+01 
    91 :  1.0535754e+01  3.4526355e+01 
    92 :  1.0942061e+01  3.4940259e+01 
    93 :  1.1054439e+01  3.5454206e+01 
    94 :  1.0645863e+01  3.5833420e+01 
    95 :  1.0527329e+01  3.6333811e+01 
    96 :  1.0968495e+01  3.6716713e+01 
    97 :  1.0881048e+01  3.6989220e+01 
    98 :  1.0326324e+01  3.6772609e+01 
    99 :  1.0083769e+01  3.7238204e+01 
   100 :  9.5496702e+00  3.7303512e+01 
   101 :  8.9470780e+00  3.7071984e+01 
   102 :  8.3260216e+00  3.6915772e+01 
   103 :  7.7102200e+00  3.6953809e+01 
   104 :  7.1873881e+00  3.6945323e+01 
   105 :  6.5676279e+00  3.7017588e+01 
   106 :  6.0118493e+00  3.6849012e+01 
   107 :  5.3999492e+00  3.6656853e+01 
   108 :  4.8171713e+00  3.6875155e+01 
   109 :  4.1436957e+00  3.6904917e+01 
   110 :  3.5041988e+00  3.6790922e+01 
   111 :  2.8646832e+00  3.6760860e+01 
   112 :  2.2632989e+00  3.6622536e+01 
   113 :  1.6019920e+00  3.6540697e+01 
   114 :  9.5645786e-01  3.6429493e+01 
   115 :  3.5905842e-01  3.6187976e+01 
   116 : -9.1770641e-02  3.5803256e+01 
   117 : -6.8258505e-01  3.5732235e+01 
   118 : -1.2224377e+00  3.5499967e+01 
   119 : -1.7005671e+00  3.5166095e+01 
   120 : -2.3342659e+00  3.5118081e+01 
   121 : -2.9184403e+00  3.5237366e+01 
   122 : -3.3851762e+00  3.5201357e+01 
   123 : -4.0298010e+00  3.5225529e+01 
   124 : -4.6725244e+00  3.5208509e+01 
   125 : -5.1871356e+00  3.5536293e+01 
   126 : -5.5630380e+00  3.5874712e+01 
   127 : -5.2682303e+00  3.6296579e+01 
   128 : -4.6918547e+00  3.6510701e+01 
   129 : -4.1089004e+00  3.6729050e+01 
   130 : -3.4416680e+00  3.6703924e+01 
   131 : -2.7885593e+00  3.6692029e+01 
   132 : -2.1943796e+00  3.6746985e+01 
   133 : -1.8235632e+00  3.7161850e+01 
   134 : -1.3545762e+00  3.7540535e+01 
   135 : -7.7674525e-01  3.7653102e+01 
   136 : -5.9905520e-01  3.8152052e+01 
   137 : -1.4477083e-01  3.8532076e+01 
   138 :  1.4178203e-02  3.8881959e+01 
   139 : -3.0210544e-01  3.9341548e+01 
   140 : -9.7565357e-02  3.9838743e+01 
   141 :  3.1318134e-01  4.0274603e+01 
   142 :  7.8442392e-01  4.0671220e+01 
   143 :  1.1492258e+00  4.1062884e+01 
   144 :  1.8263687e+00  4.1234518e+01 
   145 :  2.4131412e+00  4.1517058e+01 
   146 :  3.0386077e+00  4.1783140e+01 
   147 :  3.2218827e+00  4.2245496e+01 
   148 :  3.0408974e+00  4.2721711e+01 
   149 :  3.2402238e+00  4.3209566e+01 
   150 :  3.8702858e+00  4.3490463e+01 
   151 :  4.5660469e+00  4.3422181e+01 
   152 :  5.1702253e+00  4.3334920e+01 
   153 :  5.7916096e+00  4.3089849e+01 
   154 :  6.5002269e+00  4.3173733e+01 
   155 :  6.9623499e+00  4.3516749e+01 
   156 :  7.5966073e+00  4.3778254e+01 
   157 :  8.2191759e+00  4.4041327e+01 
   158 :  8.7405323e+00  4.4406469e+01 
   159 :  9.4377904e+00  4.4241532e+01 
   160 :  1.0102381e+01  4.4005452e+01 
   161 :  1.0336084e+01  4.3508816e+01 
   162 :  1.0519287e+01  4.3005369e+01 
   163 :  1.1006916e+01  4.2674155e+01 
   164 :  1.1521135e+01  4.2349362e+01 
   165 :  1.2032034e+01  4.1977571e+01 
   166 :  1.2498124e+01  4.1580252e+01 
   167 :  1.3066186e+01  4.1264580e+01 
   168 :  1.3757598e+01  4.1212780e+01 
   169 :  1.4195041e+01  4.0822505e+01 
   170 :  1.4717667e+01  4.0651860e+01 
   171 :  1.4971297e+01  4.0218390e+01 
   172 :  1.5587941e+01  4.0062542e+01 
   173 :  1.5864495e+01  3.9589095e+01 
   174 :  1.6090963e+01  3.9086936e+01 
   175 :  1.5950084e+01  3.8698123e+01 
   176 :  1.5717694e+01  3.8252887e+01 
   177 :  1.5974338e+01  3.7924009e+01 
   178 :  1.6399112e+01  3.8312846e+01 
   179 :  1.6613786e+01  3.8787486e+01 
   180 :  1.7143914e+01  3.9041183e+01 
   181 :  1.6928857e+01  3.9513165e+01 
   182 :  1.6550291e+01  3.9872299e+01 
   183 :  1.6837255e+01  4.0358368e+01 
   184 :  1.7393274e+01  4.0341593e+01 
   185 :  1.7980618e+01  4.0122839e+01 
   186 :  1.8401600e+01  3.9914008e+01 
   187 :  1.8291477e+01  4.0398565e+01 
   188 :  1.7752166e+01  4.0735714e+01 
   189 :  1.7157928e+01  4.1029237e+01 
   190 :  1.6504032e+01  4.1247512e+01 
   191 :  1.5922685e+01  4.1541959e+01 
   192 :  1.6008812e+01  4.1936022e+01 
   193 :  1.5308597e+01  4.1928988e+01 
   194 :  1.4695135e+01  4.2172317e+01 
   195 :  1.4154073e+01  4.2531477e+01 
   196 :  1.3864580e+01  4.3022517e+01 
   197 :  1.3611262e+01  4.3529396e+01 
   198 :  1.3027979e+01  4.3852660e+01 
   199 :  1.2440165e+01  4.4181226e+01 
   200 :  1.2255013e+01  4.4697127e+01 
   201 :  1.2309445e+01  4.5133492e+01 
   202 :  1.2464929e+01  4.5547336e+01 
   203 :  1.3101230e+01  4.5689926e+01 
   204 :  1.3748132e+01  4.5634391e+01 
   205 :  1.3593105e+01  4.5189602e+01 
   206 :  1.3989565e+01  4.4853380e+01 
   207 :  1.4359828e+01  4.5306225e+01 
   208 :  1.4885829e+01  4.4949942e+01 
   209 :  1.5242976e+01  4.4449863e+01 
   210 :  1.5317792e+01  4.4039815e+01 
   211 :  1.5885180e+01  4.3693394e+01 
   212 :  1.6430680e+01  4.3538443e+01 
   213 :  1.7059712e+01  4.3250850e+01 
   214 :  1.7508654e+01  4.2900344e+01 
   215 :  1.8140180e+01  4.2633270e+01 
   216 :  1.8739855e+01  4.2442014e+01 
   217 :  1.9131976e+01  4.2018004e+01 
   218 :  1.9557200e+01  4.1654929e+01 
   219 :  1.9455071e+01  4.1145617e+01 
   220 :  1.9341031e+01  4.0623295e+01 
   221 :  1.9512395e+01  4.0201056e+01 
   222 :  1.9983452e+01  3.9824607e+01 
   223 :  2.0272274e+01  3.9359465e+01 
   224 :  2.0749433e+01  3.8996895e+01 
   225 :  2.0982772e+01  3.8904680e+01 
   226 :  2.1030467e+01  3.8535531e+01 
   227 :  2.1455398e+01  3.8319797e+01 
   228 :  2.2128372e+01  3.8367159e+01 
   229 :  2.2730304e+01  3.8306257e+01 
   230 :  2.3040421e+01  3.8061990e+01 
   231 :  2.2494197e+01  3.8120927e+01 
   232 :  2.1864913e+01  3.8263148e+01 
   233 :  2.1324701e+01  3.8065133e+01 
   234 :  2.1354242e+01  3.7642703e+01 
   235 :  2.1626468e+01  3.7230740e+01 
   236 :  2.1817694e+01  3.6768025e+01 
   237 :  2.2197854e+01  3.6912272e+01 
   238 :  2.2467390e+01  3.6529005e+01 
   239 :  2.2854804e+01  3.6674995e+01 
   240 :  2.3073819e+01  3.6728351e+01 
   241 :  2.2877083e+01  3.7232748e+01 
   242 :  2.3015378e+01  3.7483258e+01 
   243 :  2.3439607e+01  3.7495303e+01 
   244 :  2.3074265e+01  3.7856455e+01 
   245 :  2.3617255e+01  3.7957884e+01 
   246 :  2.4059993e+01  3.7766125e+01 
   247 :  2.3959717e+01  3.8269099e+01 
   248 :  2.3366658e+01  3.8532099e+01 
   249 :  2.2821932e+01  3.8788430e+01 
   250 :  2.2880915e+01  3.9187800e+01 
   251 :  2.3290368e+01  3.9223106e+01 
   252 :  2.2905696e+01  3.9650165e+01 
   253 :  2.2567739e+01  4.0114669e+01 
   254 :  2.2797336e+01  4.0582052e+01 
   255 :  2.3160293e+01  4.0276968e+01 
   256 :  2.3784378e+01  4.0082424e+01 
   257 :  2.3743296e+01  4.0281261e+01 
   258 :  2.4330185e+01  4.0151770e+01 
   259 :  2.3873627e+01  4.0495018e+01 
   260 :  2.4036238e+01  4.0732874e+01 
   261 :  2.4643911e+01  4.0892582e+01 
   262 :  2.5275878e+01  4.0933643e+01 
   263 :  2.5971364e+01  4.0820047e+01 
   264 :  2.6507542e+01  4.0618277e+01 
   265 :  2.6460931e+01  4.0437481e+01 
   266 :  1.5000986e+01  3.6699161e+01 
   267 :  1.5286012e+01  3.7071879e+01 
   268 :  1.5133164e+01  3.7534096e+01 
   269 :  1.5410328e+01  3.7985433e+01 
   270 :  1.5255008e+01  3.8241966e+01 
   271 :  1.4675915e+01  3.8103366e+01 
   272 :  1.4050333e+01  3.8022920e+01 
   273 :  1.3460519e+01  3.8103351e+01 
   274 :  1.2938241e+01  3.8047536e+01 
   275 :  1.2463078e+01  3.7902413e+01 
   276 :  1.2810529e+01  3.7578589e+01 
   277 :  1.3362358e+01  3.7344100e+01 
   278 :  1.3920390e+01  3.7106398e+01 
   279 :  1.4435173e+01  3.6875743e+01 
   280 :  8.5554517e+00  3.9041259e+01 
   281 :  9.0227472e+00  3.9069156e+01 
   282 :  9.5448803e+00  3.9150886e+01 
   283 :  9.6601946e+00  3.9666445e+01 
   284 :  9.6438660e+00  4.0187120e+01 
   285 :  9.7520062e+00  4.0672068e+01 
   286 :  9.5011940e+00  4.1149107e+01 
   287 :  8.9210881e+00  4.1039682e+01 
   288 :  8.3222403e+00  4.0854062e+01 
   289 :  8.3475165e+00  4.0496554e+01 
   290 :  8.4179141e+00  3.9989878e+01 
   291 :  8.4297684e+00  3.9528228e+01 
   292 :  3.3021388e+01  3.4666038e+01 
   293 :  3.3627485e+01  3.4889211e+01 
   294 :  3.3946538e+01  3.5143088e+01 
   295 :  3.4347033e+01  3.5532096e+01 
   296 :  3.3878976e+01  3.5425722e+01 
   297 :  3.3202586e+01  3.5350283e+01 
   298 :  3.2682723e+01  3.5177295e+01 
   299 :  3.2392203e+01  3.4796989e+01 
   300 :  9.0881701e+00  4.1444640e+01 
   301 :  9.4005770e+00  4.1743640e+01 
   302 :  9.5566124e+00  4.2205995e+01 
   303 :  9.4668317e+00  4.2683112e+01 
   304 :  9.3228889e+00  4.2857193e+01 
   305 :  8.8574763e+00  4.2603017e+01 
   306 :  8.5516474e+00  4.2211418e+01 
   307 :  8.7312499e+00  4.1801186e+01 
   308 :  2.4837538e+01  3.4962917e+01 
   309 :  2.5484337e+01  3.4989329e+01 
   310 :  2.6142168e+01  3.5012041e+01 
   311 :  2.6010691e+01  3.5213686e+01 
   312 :  2.5530478e+01  3.5311519e+01 
   313 :  2.4900137e+01  3.5422094e+01 
   314 :  2.4269495e+01  3.5414212e+01 
   315 :  2.3789832e+01  3.5617111e+01 
   316 :  2.3607379e+01  3.5242942e+01 
   317 :  2.4261182e+01  3.5181259e+01 
   318 :  2.4480983e+01  3.7978393e+01 
   319 :  2.4225456e+01  3.8335225e+01 
   320 :  2.3833650e+01  3.8689442e+01 
   321 :  2.3308340e+01  3.9020861e+01 
   322 :  2.3463723e+01  3.8635152e+01 
   323 :  2.4021213e+01  3.8354323e+01 
   324 :  3.0879314e+00  3.9329249e+01 
   325 :  3.3709450e+00  3.9760953e+01 
   326 :  2.8494500e+00  3.9869285e+01 
   327 :  2.4712017e+00  3.9531917e+01 
   328 :  1.5591625e+01  3.6775359e+01 
   329 :  2.0536153e+01  3.3028296e+01 
   330 :  2.9378579e+01  3.5857273e+01 
   331 :  7.8022889e+00  4.0667287e+01 
   332 :  2.7510161e+01  3.1823699e+01 
   333 :  8.0140845e+00  3.9236571e+01 
   334 :  1.4452354e+01  3.6362378e+01 
   335 :  3.0613354e+01  3.2058618e+01 
   336 :  2.1439067e+01  3.6923600e+01 
   337 :  2.6335180e+01  3.1962723e+01 
   338 :  2.0184572e+01  3.8864982e+01 
   339 :  2.6433378e+01  3.5323540e+01 
   340 :  2.7089524e+01  3.4733007e+01 
   341 :  3.7091027e+00  3.9437934e+01 
   342 :  1.2482907e+01  3.8389630e+01 
   343 :  3.9198344e-01  3.8541970e+01 
   344 :  3.2701713e+01  3.4395163e+01 
   345 :  2.1741451e+01  3.3410774e+01 
   346 :  2.5297422e+01  3.5768590e+01 
   347 :  1.3107556e+01  3.3342336e+01 
   348 :  1.4989570e+01  3.2781465e+01 
   349 :  3.8223371e+00  4.1914533e+01 
   350 :  1.0352385e+01  3.9939171e+01 
   351 :  1.6450402e+01  3.7808531e+01 
   352 :  2.3735322e+01  3.4749933e+01 
   353 :  1.3491868e+01  3.6647201e+01 
   354 :  4.4650401e+00  3.9982347e+01 
   355 :  6.2513171e+00  3.7398813e+01 
   356 :  2.5114203e+00  3.9052108e+01 
   357 :  6.2127317e+00  4.2696102e+01 
   358 :  2.5330429e+01  3.4420981e+01 
   359 :  2.1345845e+01  3.6399808e+01 
   360 :  3.2376115e+01  3.1500156e+01 
   361 :  8.0447942e+00  3.8730750e+01 
   362 :  1.1701970e+01  3.3534032e+01 
   363 :  1.3925817e+01  3.8447175e+01 
   364 :  1.1445887e+01  3.6953053e+01 
   365 :  1.1740425e+01  3.8282767e+01 
   366 :  2.3065345e+01  3.6470709e+01 
   367 :  2.0204917e+00  3.7053341e+01 
   368 :  3.1546866e+01  3.4320866e+01 
   369 :  3.3377991e+01  3.4474219e+01 
   370 :  2.6044266e+01  3.8476123e+01 
   371 :  1.8222544e+01  3.1332765e+01 
   372 :  8.1391566e+00  4.1886258e+01 
   373 :  3.2961094e+00  4.0288732e+01 
   374 :  1.9766676e+01  3.6608477e+01 
   375 :  9.7990567e+00  3.7590877e+01 
   376 :  2.6468452e+01  3.7915059e+01 
   377 :  6.0775709e-01  3.9151367e+01 
   378 :  1.1537163e+01  3.5052138e+01 
   379 :  1.0403257e+01  4.1198010e+01 
   380 :  3.4439110e+01  3.2767693e+01 
   381 :  2.3289465e+01  3.5650749e+01 
   382 :  4.4306042e+00  3.7454434e+01 
   383 :  2.4562614e+01  3.8786443e+01 
   384 :  1.5841749e+01  4.3195034e+01 
   385 :  2.8587576e+01  3.6034298e+01 
   386 :  3.1882352e+01  3.5349139e+01 
   387 :  3.4544403e+01  3.5114454e+01 
   388 :  2.3509583e+01  3.2641070e+01 
   389 :  1.7514155e+01  4.2497753e+01 
   390 :  2.1294838e+00  3.9974436e+01 
   391 :  8.8499042e+00  4.2979917e+01 
   392 :  8.1831683e+00  4.2619955e+01 
   393 :  3.1440641e+00  3.7317254e+01 
   394 : -1.2546428e+00  3.7030552e+01 
   395 :  1.9538999e+01  3.9295627e+01 
   396 :  6.8233606e+00  3.9145969e+01 
   397 :  5.6826555e-02  3.7855962e+01 
   398 : -2.4805232e+00  3.5446643e+01 
   399 :  1.5586453e+01  3.9038446e+01 
   400 :  1.2343660e+01  4.0874525e+01 
   401 :  1.4746026e+01  4.4084904e+01 
   402 :  1.6191739e+01  3.2703901e+01 
   403 :  1.7617011e+01  4.1380460e+01 
   404 :  3.6340415e+00  4.2697964e+01 
   405 :  2.5782735e+01  3.7952262e+01 
   406 :  2.5847003e+01  3.7125372e+01 
   407 :  1.0875904e+01  4.2235594e+01 
   408 :  3.4720791e+01  3.3807857e+01 
   409 :  2.5576176e+01  3.9693922e+01 
   410 :  9.3889931e+00  4.3532800e+01 
   411 :  2.2769775e+01  3.4931966e+01 
   412 : -1.2544774e+00  3.6207301e+01 
   413 : -3.7898198e+00  3.5539685e+01 
   414 :  2.3333557e+01  3.7109724e+01 
   415 :  2.3678210e+01  3.6689908e+01 
   416 :  1.2076264e+01  3.7532411e+01 
   417 :  1.1990609e+01  3.5926743e+01 
   418 :  1.7827752e+01  3.9742747e+01 
   419 :  2.3398387e+01  3.9668853e+01 
   420 :  2.8689115e+01  3.1426343e+01 
   421 :  2.8545530e+01  3.2785198e+01 
   422 :  3.1873662e+01  3.6028199e+01 
   423 :  2.3261502e+01  3.3500901e+01 
   424 :  3.4790755e+00  3.8548039e+01 
   425 :  9.7405254e+00  4.2961471e+01 
   426 :  7.1038278e+00  3.7271414e+01 
   427 :  3.0123764e+00  4.1181636e+01 
   428 :  3.1851443e+01  3.2419713e+01 
   429 :  1.3238262e+01  4.4758150e+01 
   430 :  3.3437448e+01  3.1846550e+01 
   431 :  2.6051410e+01  3.5639407e+01 
   432 :  1.7284534e+01  3.8298194e+01 
   433 :  2.6997968e+01  3.7348566e+01 
   434 :  3.5244592e+01  3.5456416e+01 
   435 :  1.8293871e+01  3.9271128e+01 
   436 :  2.0680603e+01  3.4581555e+01 
   437 :  1.4377748e+01  4.0296550e+01 
   438 :  7.7322441e+00  3.9744534e+01 
   439 :  9.5280842e+00  3.8729751e+01 
   440 :  8.9298677e+00  3.7543002e+01 
   441 :  1.5226124e+01  4.3568628e+01 
   442 : -4.5611769e+00  3.5737420e+01 
   443 :  9.9111886e+00  4.2519727e+01 
   444 :  1.5780816e+01  4.2417006e+01 
   445 :  8.0763265e+00  3.7294623e+01 
   446 :  1.4376730e+01  3.3592034e+01 
   447 :  1.4837186e+01  4.2831981e+01 
   448 :  1.8757906e+01  4.1070671e+01 
   449 : -3.1123997e+00  3.6243505e+01 
   450 :  5.3790686e+00  4.2787526e+01 
   451 :  9.8650524e-01  4.0063469e+01 
   452 :  1.9312678e+01  3.0971421e+01 
   453 :  2.4491466e+01  3.2646959e+01 
   454 :  8.4726197e+00  4.1319586e+01 
   455 :  2.4963183e+01  4.0471619e+01 
   456 :  1.0640969e+01  3.7735101e+01 
   457 :  1.6009402e+00  3.8258253e+01 
   458 :  5.6180935e+00  4.1833084e+01 
   459 :  1.1233217e+01  3.4420871e+01 
   460 :  1.5768085e+01  3.7417994e+01 
   461 :  3.3258574e+01  3.3633070e+01 
   462 :  7.2167567e+00  4.3068676e+01 
   463 :  2.3228234e+01  3.8836230e+01 
   464 :  2.5974722e+01  4.0342098e+01 
   465 :  4.3529239e+00  4.0865433e+01 
   466 :  3.4562583e+01  3.6224722e+01 
   467 :  1.1876798e+01  3.9489218e+01 
   468 :  2.0719047e+01  3.8713018e+01 
   469 : -1.7712807e-01  3.6744941e+01 
   470 :  2.5487336e+01  3.9102833e+01 
   471 :  1.8038992e+01  3.4610372e+01 
   472 :  2.2797070e+01  3.6032131e+01 
   473 :  8.2354898e+00  4.3399448e+01 
   474 :  1.6855015e+01  4.2753087e+01 
   475 :  2.3928047e+01  3.9362480e+01 
   476 :  3.4116071e+01  3.4535016e+01 
   477 :  2.4397418e+01  3.5806263e+01 
   478 :  2.4821825e+01  3.6518037e+01 
   479 :  2.7019073e+01  3.6457186e+01 
   480 :  3.5257667e+01  3.4669509e+01 
   481 :  1.5351409e+01  3.8580952e+01 
   482 :  1.8848968e+01  4.0290876e+01 
   483 :  1.3728279e+01  4.4142580e+01 
   484 :  3.3984038e+01  3.5879743e+01 
   485 :  2.4861962e+01  3.8217848e+01 
   486 :  1.2849521e+01  4.5194937e+01 
   487 :  2.9119773e+01  3.4821176e+01 
   488 :  1.4333841e+01  4.3497498e+01 
   489 :  1.6987541e+01  3.6793962e+01 
   490 :  1.9225263e+01  3.1793628e+01 
   491 :  1.9419391e+01  3.2878640e+01 
   492 :  2.7797964e+01  3.6451376e+01 
   493 :  2.6066430e+01  3.3109507e+01 
   494 :  1.4637454e+01  3.9379297e+01 
   495 :  1.3417030e+01  4.0281233e+01 
   496 :  2.4929175e+01  3.7501005e+01 
   497 :  1.0091450e+01  4.1918323e+01 
   498 :  2.4355789e+01  4.0532187e+01 
   499 :  7.8159816e+00  4.0251901e+01 
   500 :  1.7239318e+01  3.9994273e+01 
   501 :  1.2425412e+01  3.4263611e+01 
   502 :  1.5949707e+01  3.4858285e+01 
   503 :  1.9077105e+01  3.8151352e+01 
   504 :  3.2453992e+01  3.5693467e+01 
   505 :  4.8848244e+00  3.9291133e+01 
   506 :  1.6587027e+01  4.1590327e+01 
   507 :  2.6354502e+01  3.4215528e+01 
   508 :  2.0977629e+01  3.7217520e+01 
   509 :  2.0520095e+01  3.8291167e+01 
   510 :  2.0990610e+01  3.7863313e+01 
   511 :  3.1152451e+01  3.6218920e+01 
   512 :  2.4197175e+01  3.8080142e+01 
   513 :  1.7165846e+01  3.9694856e+01 
   514 :  1.9090365e+01  3.9781408e+01 
   515 :  2.5458384e+01  3.2076157e+01 
   516 :  1.0437369e+01  3.9082281e+01 
   517 :  2.6089349e+01  4.0591725e+01 
   518 : -3.1257632e+00  3.5672465e+01 
   519 :  3.3487369e+01  3.5789680e+01 
   520 :  1.6281019e+00  4.0637089e+01 
   521 :  1.6775591e+00  3.9416953e+01 
   522 :  2.7448858e+01  3.5655087e+01 
   523 :  1.8110352e+01  4.2039118e+01 
   524 :  2.6557502e+01  3.8940043e+01 
   525 :  5.3731525e+00  3.7228916e+01 
   526 :  2.2087614e+01  3.5944345e+01 
   527 :  7.4802022e+00  4.1325037e+01 
   528 :  2.1078319e+01  3.8230810e+01 
   529 :  6.4155923e+00  4.0395515e+01 
   530 :  2.5042593e+01  3.9979292e+01 
   531 :  1.5291721e+01  3.6081618e+01 
   532 :  2.4050062e+01  3.7180606e+01 
   533 :  1.0477477e+01  3.7157020e+01 
   534 :  2.2020172e+01  3.6544897e+01 
   535 :  3.5139465e+01  3.6029131e+01 
   536 :  1.1698014e+01  4.1392966e+01 
   537 :  1.1116607e+01  4.0596993e+01 
   538 :  3.0378682e+01  3.5638056e+01 
   539 : -3.8926333e+00  3.6134973e+01 
   540 :  2.5600500e+01  4.0567376e+01 
   541 :  5.4926084e+00  3.8211804e+01 
   542 : -2.2081864e+00  3.5962424e+01 
   543 :  2.0327887e+01  3.7663566e+01 
   544 :  1.0497584e+01  4.2477488e+01 
   545 :  1.6855966e+01  4.2130237e+01 
   546 :  1.6431789e+01  4.3062059e+01 
   547 :  1.3214088e+01  3.8794530e+01 
   548 :  3.0292065e+01  3.3307679e+01 
   549 :  1.2574524e+01  3.6995467e+01 
   550 :  1.2269585e+01  3.3323020e+01 
   551 :  2.4508967e+01  3.4188508e+01 
   552 :  2.3103561e+01  3.9044614e+01 
   553 :  2.5452901e+01  3.8546243e+01 
   554 :  1.4703789e+01  4.4733685e+01 
   555 :  1.1316712e+01  3.3791294e+01 
   556 :  1.0474719e+01  3.3923111e+01 
   557 :  7.1381565e+00  4.2233814e+01 
   558 :  3.8096823e+00  4.0062206e+01 
   559 :  2.6446548e+01  3.7559270e+01 
   560 :  1.7461948e+01  3.9431444e+01 
   561 :  1.3973397e+01  3.5309789e+01 
   562 :  2.3163329e+01  3.6080624e+01 
   563 :  2.3731484e+01  3.6126470e+01 
   564 :  4.6047229e+00  4.2834752e+01 
   565 :  2.6045446e+01  3.6345373e+01 
   566 :  2.6612790e+01  3.6960629e+01 
   567 :  1.1198608e+01  4.1855162e+01 
   568 :  2.6112506e+01  3.8913151e+01 
   569 :  2.4886134e+01  3.9487773e+01 
   570 :  2.6611119e+01  3.5889553e+01 
   571 :  1.4451937e+01  4.4478199e+01 
   572 :  7.5055519e+00  3.7988204e+01 
   573 :  2.6521316e+01  3.9243581e+01 
   574 :  1.2811165e+01  4.4364898e+01 
   575 :  9.1075212e+00  3.8176236e+01 
   576 :  1.0563404e+00  3.7089361e+01 
   577 :  2.5535507e+01  4.0165147e+01 
   578 :  2.5259442e+00  4.0457143e+01 
   579 :  1.7987592e+01  3.2399880e+01 
   580 :  1.0859018e+01  3.3970927e+01 
Number of triangles 846 
     0 :    512    323    247 
     1 :    335    421     49 
     2 :    255    253    252 
     3 :    376      9      8 
     4 :    322    463    248 
     5 :    497    301    286 
     6 :    380    430     41 
     7 :    402     77     76 
     8 :    496    485    318 
     9 :    487    522    340 
    10 :    463    249    248 
    11 :    427    145    144 
    12 :    371     76     75 
    13 :    380     39     38 
    14 :    559    433      9 
    15 :    426    104    103 
    16 :    335     48     47 
    17 :    414    241    240 
    18 :    376    559      9 
    19 :    340    507    421 
    20 :    436    526    359 
    21 :    492    385     16 
    22 :    340    522    339 
    23 :    245    244    243 
    24 :    556    580     91 
    25 :    538    386    511 
    26 :    204    203    205 
    27 :    177    176    269 
    28 :    353    279    278 
    29 :    421    420     50 
    30 :    475    258    256 
    31 :    366    239    238 
    32 :    208    207    206 
    33 :    380     41     40 
    34 :    574    199    198 
    35 :    517    264    263 
    36 :    457    343    397 
    37 :    345    329     66 
    38 :    410    159    157 
    39 :    567    497    379 
    40 :    360     45     44 
    41 :    420     52     51 
    42 :    419    255    252 
    43 :    386    538    368 
    44 :    377    140    139 
    45 :    425    443    162 
    46 :    556     91     90 
    47 :    412    394    132 
    48 :    511    386    422 
    49 :    554    208    206 
    50 :    482    221    220 
    51 :    536    567    379 
    52 :    457    367    393 
    53 :    526    436    411 
    54 :    569    530    258 
    55 :    176    270    269 
    56 :     31     30     32 
    57 :    487    340    421 
    58 :    381    472    411 
    59 :    509    468    338 
    60 :    397    343    137 
    61 :    486    201    200 
    62 :    346    477    313 
    63 :    497    567    407 
    64 :    574    429    200 
    65 :    461    430    380 
    66 :    432    435    180 
    67 :    574    200    199 
    68 :    402     78     77 
    69 :    492    522    385 
    70 :    444    546    384 
    71 :    404    150    149 
    72 :    448    188    187 
    73 :    394    133    132 
    74 :    255    254    253 
    75 :    523    448    217 
    76 :    403    506    189 
    77 :    349    564    404 
    78 :    554    571    209 
    79 :    402     79     78 
    80 :    265    464      0 
    81 :    517    265    264 
    82 :    393    110    109 
    83 :    286    300    287 
    84 :    451    141    140 
    85 :    367    112    111 
    86 :    297    519     25 
    87 :    480     37     36 
    88 :    571    554    206 
    89 :    350    285    284 
    90 :    344    369    292 
    91 :    353    334    279 
    92 :    492     15     14 
    93 :    348     82     81 
    94 :    477    314    313 
    95 :    332    337     55 
    96 :    498    259    258 
    97 :    456    364    416 
    98 :    505    529    354 
    99 :    522    492    479 
   100 :    462    156    155 
   101 :    377    451    140 
   102 :    442    128    127 
   103 :    570    339    522 
   104 :    550     85     84 
   105 :    374    436    359 
   106 :    341    558    325 
   107 :    530    455    258 
   108 :    452     73     72 
   109 :    498    261    260 
   110 :    568    573      1 
   111 :    364    549    416 
   112 :    578    427    144 
   113 :    576    457    397 
   114 :    481    494    271 
   115 :    573      2      1 
   116 :    332     54     53 
   117 :    414    242    241 
   118 :    441    447    384 
   119 :    493    337    332 
   120 :    398    120    119 
   121 :    387    434    295 
   122 :    401    441    210 
   123 :    414    243    242 
   124 :    442    127    125 
   125 :    452    371     74 
   126 :    307    454    300 
   127 :    543    510    509 
   128 :    460    351    177 
   129 :    360    430    428 
   130 :    447    444    384 
   131 :    360     47     46 
   132 :    417     96     94 
   133 :    410    391    304 
   134 :    431    312    311 
   135 :    433     10      9 
   136 :    379    497    286 
   137 :    485    496    405 
   138 :    377    139    138 
   139 :    520    578    144 
   140 :    472    526    411 
   141 :    436    345    411 
   142 :    382    393    109 
   143 :    444    194    193 
   144 :    483    574    198 
   145 :    354    558    341 
   146 :    469    117    116 
   147 :    455    498    258 
   148 :    353    561    334 
   149 :    564    151    150 
   150 :    510    528    509 
   151 :    521    356    327 
   152 :    345    423    411 
   153 :    385     18     17 
   154 :    453     61     60 
   155 :    419    252    251 
   156 :    445    426    103 
   157 :    291    333    280 
   158 :    468    509    226 
   159 :    471    436    374 
   160 :    336    236    235 
   161 :    578    373    427 
   162 :    393    367    111 
   163 :    553    470    383 
   164 :    430    461    428 
   165 :    485    553    383 
   166 :    456    516    439 
   167 :    457    393    424 
   168 :    470    568      1 
   169 :    472    366    238 
   170 :    376      8      7 
   171 :    363    272    271 
   172 :    573    568    524 
   173 :    555     88     87 
   174 :    417    364     96 
   175 :    474    546    444 
   176 :    425    410    304 
   177 :    509    528    226 
   178 :    429    486    200 
   179 :    369    293    292 
   180 :    443    303    302 
   181 :    556     89     88 
   182 :    445    102    101 
   183 :    519    297    296 
   184 :    439    516    282 
   185 :    473    410    157 
   186 :    370    405      7 
   187 :    533     98     97 
   188 :    504    297     25 
   189 :    493    551    453 
   190 :    473    462    392 
   191 :    571    401    209 
   192 :    406    559    405 
   193 :    473    392    391 
   194 :    382    424    393 
   195 :    408    380     38 
   196 :    515    453     59 
   197 :    483    571    206 
   198 :    388    453    423 
   199 :    453    551    423 
   200 :    423    352    411 
   201 :    538    487    368 
   202 :    481    176    175 
   203 :    507    493    421 
   204 :    489    471    374 
   205 :    413    123    122 
   206 :    556     90     89 
   207 :    510    234    233 
   208 :    370      7      6 
   209 :    552    251    250 
   210 :    576    367    457 
   211 :    553    485    405 
   212 :    269    460    177 
   213 :    479     14     11 
   214 :    397    137    136 
   215 :    508    359    336 
   216 :    471    491    436 
   217 :    469    116    115 
   218 :    560    418    513 
   219 :    486    205    203 
   220 :    419    475    256 
   221 :    579    471    402 
   222 :    410    425    161 
   223 :    482    187    186 
   224 :    356    521    457 
   225 :    413    442    123 
   226 :    498    260    259 
   227 :    338    224    223 
   228 :    494    363    271 
   229 :    364    456     97 
   230 :    551    493    358 
   231 :    580    556     88 
   232 :    534    238    237 
   233 :    528    227    226 
   234 :    395    223    222 
   235 :    500    185    184 
   236 :    409    470      1 
   237 :    572    355    426 
   238 :    430     43     42 
   239 :    482    448    187 
   240 :    455    262    261 
   241 :    343    138    137 
   242 :    388     63     62 
   243 :    468    226    225 
   244 :    448    482    220 
   245 :    579    491    471 
   246 :    402     80     79 
   247 :    420    332     53 
   248 :    418    186    185 
   249 :    452    490    371 
   250 :    441    211    210 
   251 :    545    506    403 
   252 :    484     27     26 
   253 :    409      1      0 
   254 :    480     35     34 
   255 :    331    289    288 
   256 :    503    509    338 
   257 :    532    496    246 
   258 :    475    569    258 
   259 :    462    473    156 
   260 :    404    564    150 
   261 :    436    491    329 
   262 :    475    321    320 
   263 :    580    459     91 
   264 :    522    487    385 
   265 :    440    445    101 
   266 :    503    543    509 
   267 :    529    465    354 
   268 :    386    299    298 
   269 :    423     64     63 
   270 :    506    191    190 
   271 :    533     99     98 
   272 :    447    196    195 
   273 :    342    275    274 
   274 :    470    569    383 
   275 :    498    455    261 
   276 :    517    464    265 
   277 :    573      3      2 
   278 :    520    451    390 
   279 :    568    553    370 
   280 :    391    305    304 
   281 :    392    372    306 
   282 :    552    250    249 
   283 :    466    484    295 
   284 :    469    412    117 
   285 :    443    544    162 
   286 :    503    338    395 
   287 :    500    418    185 
   288 :    471    502    402 
   289 :    516    456    365 
   290 :    446    348    402 
   291 :    574    483    429 
   292 :    531    489    328 
   293 :    383    320    319 
   294 :    384    212    211 
   295 :    468    225    224 
   296 :    496    406    405 
   297 :    503    489    374 
   298 :    504    298    297 
   299 :    518    122    121 
   300 :    404    149    148 
   301 :    372    454    307 
   302 :    473    391    410 
   303 :    395    338    223 
   304 :    493    332    421 
   305 :    373    326    325 
   306 :    430    360     44 
   307 :    506    192    191 
   308 :    417     94     93 
   309 :    523    217    216 
   310 :    560    181    180 
   311 :    452     72     71 
   312 :    514    222    221 
   313 :    394    135    134 
   314 :    335    548    421 
   315 :    321    475    251 
   316 :    551    352    423 
   317 :    460    269    268 
   318 :    521    451    377 
   319 :    347    550     84 
   320 :    441    384    211 
   321 :    528    510    233 
   322 :    448    523    403 
   323 :    476    294    293 
   324 :    532    246    243 
   325 :    371    579     76 
   326 :    495    168    167 
   327 :    494    481    399 
   328 :    461    368    428 
   329 :    451    521    390 
   330 :    381    316    315 
   331 :    330     19     18 
   332 :    458    564    349 
   333 :    560    435    418 
   334 :    368    548    428 
   335 :    427    349    146 
   336 :    431    346    312 
   337 :    561    353    417 
   338 :    338    468    224 
   339 :    368    461    344 
   340 :    416    276    275 
   341 :    540    263    262 
   342 :    488    447    441 
   343 :    580    555    459 
   344 :    507    310    309 
   345 :    453    388     61 
   346 :    434    535    295 
   347 :    488    441    401 
   348 :    352    317    316 
   349 :    524      4      3 
   350 :    433     11     10 
   351 :    575    456    439 
   352 :    437    170    169 
   353 :    387    295    294 
   354 :    480    434    387 
   355 :    399    174    173 
   356 :    520    143    142 
   357 :    432    180    179 
   358 :    351    178    177 
   359 :    485    319    318 
   360 :    494    173    172 
   361 :    579    402     76 
   362 :    454    287    300 
   363 :    375    440    100 
   364 :    548    335    428 
   365 :    448    403    188 
   366 :    559    566    433 
   367 :    356    457    424 
   368 :    558    465    373 
   369 :    480    408     37 
   370 :    457    377    343 
   371 :    477    315    314 
   372 :    299    344    292 
   373 :    515    493    453 
   374 :    495    547    494 
   375 :    341    325    324 
   376 :    547    274    273 
   377 :    469    115    114 
   378 :    495    169    168 
   379 :    464    577      0 
   380 :    440    101    100 
   381 :    501    555    362 
   382 :    443    425    303 
   383 :    411    352    316 
   384 :    435    503    395 
   385 :    446     83     82 
   386 :    429    483    206 
   387 :    327    356    324 
   388 :    496    478    406 
   389 :    512    246    318 
   390 :    519     26     25 
   391 :    572    445    440 
   392 :    575    439    280 
   393 :    442    124    123 
   394 :    456    575    375 
   395 :    494    172    171 
   396 :    390    521    327 
   397 :    489    503    432 
   398 :    545    523    389 
   399 :    423    345     64 
   400 :    555    580     88 
   401 :    547    495    467 
   402 :    545    474    444 
   403 :    364     97     96 
   404 :    521    377    457 
   405 :    407    164    163 
   406 :    558    373    325 
   407 :    401    210    209 
   408 :    513    182    181 
   409 :    476    480    387 
   410 :    479    492     14 
   411 :    373    465    427 
   412 :    405    376      7 
   413 :    535     32     29 
   414 :    524      6      4 
   415 :    391    392    305 
   416 :    365    456    416 
   417 :    392    306    305 
   418 :    542    412    132 
   419 :    353    549    417 
   420 :    543    508    510 
   421 :    486    203    202 
   422 :    434    480     34 
   423 :    390    327    326 
   424 :    528    233    227 
   425 :    454    288    287 
   426 :    571    483    401 
   427 :    537    536    379 
   428 :    386    504    422 
   429 :    535     33     32 
   430 :    549    364    417 
   431 :    434     34     33 
   432 :    472    562    366 
   433 :    481    270    176 
   434 :    444    193    192 
   435 :    487    548    368 
   436 :    465    558    354 
   437 :    355    106    105 
   438 :    426    105    104 
   439 :    279    334    266 
   440 :    523    545    403 
   441 :    564    458    450 
   442 :    370    553    405 
   443 :    382    541    424 
   444 :    346    313    312 
   445 :    432    179    178 
   446 :    426    355    105 
   447 :    485    383    319 
   448 :    386    368    299 
   449 :    461    380    408 
   450 :    577    409      0 
   451 :    379    286    285 
   452 :    547    467    342 
   453 :    491     68     67 
   454 :    502    446    402 
   455 :    390    578    520 
   456 :    530    577    455 
   457 :    562    563    366 
   458 :    573    524      3 
   459 :    480    476    408 
   460 :    546    213    212 
   461 :    450    357    153 
   462 :    497    443    302 
   463 :    555    501    459 
   464 :    494    547    363 
   465 :    378    501    417 
   466 :    378     93     92 
   467 :    566    559    406 
   468 :    444    447    194 
   469 :    349    147    146 
   470 :    490    579    371 
   471 :    508    235    234 
   472 :    550     86     85 
   473 :    467    495    400 
   474 :    365    416    275 
   475 :    542    119    118 
   476 :    412    118    117 
   477 :    538    511     20 
   478 :    553    568    470 
   479 :    523    216    215 
   480 :    529    505    396 
   481 :    466     29     28 
   482 :    569    475    383 
   483 :    497    544    443 
   484 :    504     25     24 
   485 :    525    107    106 
   486 :    545    444    192 
   487 :    518    413    122 
   488 :    345    436    329 
   489 :    389    215    214 
   490 :    484    296    295 
   491 :    484    466     27 
   492 :    383    475    320 
   493 :    510    508    234 
   494 :    514    435    395 
   495 :    543    503    374 
   496 :    328    460    267 
   497 :    486    202    201 
   498 :    568    370      6 
   499 :    514    395    222 
   500 :    446    501    347 
   501 :    429    206    205 
   502 :    428    335     47 
   503 :    479    570    522 
   504 :    357    462    154 
   505 :    531    502    489 
   506 :    534    237    236 
   507 :    437    171    170 
   508 :    385    330     18 
   509 :    493    515    337 
   510 :    570    431    339 
   511 :    563    381    315 
   512 :    503    435    432 
   513 :    482    514    221 
   514 :    542    132    131 
   515 :    577    530    409 
   516 :    547    342    274 
   517 :    500    513    418 
   518 :    347     84     83 
   519 :    375    100     99 
   520 :    361    575    280 
   521 :    420     53     52 
   522 :    548    487    421 
   523 :    511     21     20 
   524 :    567    165    164 
   525 :    362     87     86 
   526 :    446    347     83 
   527 :    473    157    156 
   528 :    412    469    394 
   529 :    357    154    153 
   530 :    544    497    407 
   531 :    497    302    301 
   532 :    515     58     57 
   533 :    511     22     21 
   534 :    500    183    182 
   535 :    450    153    152 
   536 :    535    466    295 
   537 :    360     46     45 
   538 :    515     59     58 
   539 :    524    568      6 
   540 :    490     69     68 
   541 :    463    552    249 
   542 :    462    155    154 
   543 :    502    561    446 
   544 :    421    332    420 
   545 :    476    387    294 
   546 :    427    146    145 
   547 :    452     70     69 
   548 :    537    379    285 
   549 :    478    477    346 
   550 :    563    562    381 
   551 :    564    152    151 
   552 :    350    284    283 
   553 :    414    532    243 
   554 :    536    166    165 
   555 :    474    214    213 
   556 :    388     62     61 
   557 :    459     92     91 
   558 :    410    160    159 
   559 :    447    488    196 
   560 :    469    576    397 
   561 :    487    538    330 
   562 :    516    283    282 
   563 :    317    551    308 
   564 :    393    111    110 
   565 :    467    516    365 
   566 :    350    537    285 
   567 :    572    541    355 
   568 :    335     49     48 
   569 :    527    331    288 
   570 :    544    163    162 
   571 :    400    495    167 
   572 :    489    502    471 
   573 :    339    311    310 
   574 :    531    561    502 
   575 :    576    114    113 
   576 :    372    307    306 
   577 :    332     55     54 
   578 :    349    404    147 
   579 :    348     81     80 
   580 :    539    130    129 
   581 :    359    534    236 
   582 :    466     28     27 
   583 :    404    148    147 
   584 :    358    309    308 
   585 :    380     40     39 
   586 :    483    488    401 
   587 :    337     57     56 
   588 :    329     67     66 
   589 :    450    458    357 
   590 :    345     65     64 
   591 :    353    278    277 
   592 :    467    365    342 
   593 :    328    267    266 
   594 :    398    121    120 
   595 :    520    144    143 
   596 :    366    415    240 
   597 :    561    531    334 
   598 :    499    290    289 
   599 :    549    277    276 
   600 :    496    532    478 
   601 :    448    220    219 
   602 :    451    520    142 
   603 :    459    378     92 
   604 :    453     60     59 
   605 :    493    507    358 
   606 :    442    125    124 
   607 :    430     44     43 
   608 :    488    197    196 
   609 :    439    282    281 
   610 :    400    167    166 
   611 :    394    134    133 
   612 :    526    472    238 
   613 :    367    113    112 
   614 :    382    109    108 
   615 :    486    429    205 
   616 :    445    103    102 
   617 :    476    461    408 
   618 :    478    563    477 
   619 :    576    469    114 
   620 :    511     23     22 
   621 :    494    399    173 
   622 :    500    184    183 
   623 :    339    431    311 
   624 :    385    487    330 
   625 :    489    432    351 
   626 :    371     75     74 
   627 :    362    555     87 
   628 :    559    376    405 
   629 :    508    336    235 
   630 :    537    467    400 
   631 :    455    540    262 
   632 :    330    538     19 
   633 :    447    195    194 
   634 :    525    108    107 
   635 :    369    476    293 
   636 :    550    501    362 
   637 :    483    198    197 
   638 :    460    489    351 
   639 :    397    136    135 
   640 :    452     71     70 
   641 :    408     38     37 
   642 :    363    273    272 
   643 :    425    304    303 
   644 :    343    377    138 
   645 :    540    464    517 
   646 :    484    519    296 
   647 :    451    142    141 
   648 :    541    505    424 
   649 :    539    129    128 
   650 :    418    435    186 
   651 :    403    189    188 
   652 :    438    291    290 
   653 :    514    482    186 
   654 :    460    268    267 
   655 :    456    533     97 
   656 :    329    491     67 
   657 :    490    452     69 
   658 :    501    550    347 
   659 :    396    361    333 
   660 :    459    501    378 
   661 :    540    577    464 
   662 :    355    525    106 
   663 :    516    467    350 
   664 :    449    131    130 
   665 :    530    569    409 
   666 :    410    161    160 
   667 :    505    354    341 
   668 :    538     20     19 
   669 :    526    534    359 
   670 :    504    386    298 
   671 :    465    349    427 
   672 :    501    561    417 
   673 :    534    526    238 
   674 :    399    481    175 
   675 :    422     24     23 
   676 :    340    339    310 
   677 :    352    551    317 
   678 :    541    525    355 
   679 :    398    518    121 
   680 :    505    541    396 
   681 :    433    566     11 
   682 :    424    341    324 
   683 :    488    483    197 
   684 :    351    432    178 
   685 :    474    389    214 
   686 :    461    476    369 
   687 :    575    572    440 
   688 :    577    540    455 
   689 :    431    565    346 
   690 :    333    438    396 
   691 :    563    478    415 
   692 :    495    437    169 
   693 :    552    321    251 
   694 :    535    434     33 
   695 :    506    545    192 
   696 :    442    539    128 
   697 :    366    240    239 
   698 :    399    175    174 
   699 :    560    513    181 
   700 :    454    527    288 
   701 :    529    499    331 
   702 :    412    542    118 
   703 :    478    532    415 
   704 :    480     36     35 
   705 :    525    541    382 
   706 :    533    456     99 
   707 :    569    470    409 
   708 :    360    428     47 
   709 :    561    501    446 
   710 :    381    411    316 
   711 :    337    515     57 
   712 :    475    419    251 
   713 :    489    460    328 
   714 :    348    446     82 
   715 :    519    484     26 
   716 :    415    414    240 
   717 :    402    348     80 
   718 :    358    507    309 
   719 :    542    398    119 
   720 :    495    494    437 
   721 :    505    341    424 
   722 :    539    413    518 
   723 :    462    557    392 
   724 :    394    469    135 
   725 :    529    527    458 
   726 :    422    504     24 
   727 :    384    546    212 
   728 :    336    359    236 
   729 :    378    417     93 
   730 :    438    333    291 
   731 :    388    423     63 
   732 :    477    563    315 
   733 :    331    499    289 
   734 :    491    490     68 
   735 :    342    365    275 
   736 :    540    517    263 
   737 :    508    543    374 
   738 :    333    361    280 
   739 :    499    529    438 
   740 :    334    531    266 
   741 :    527    557    458 
   742 :    416    549    276 
   743 :    465    529    458 
   744 :    389    523    215 
   745 :    527    529    331 
   746 :    456    375     99 
   747 :    478    565    406 
   748 :    356    424    324 
   749 :    407    567    164 
   750 :    368    344    299 
   751 :    566    479     11 
   752 :    507    340    310 
   753 :    467    537    350 
   754 :    491    579    490 
   755 :    366    563    415 
   756 :    525    382    108 
   757 :    363    547    273 
   758 :    437    494    171 
   759 :    449    542    131 
   760 :    527    454    372 
   761 :    465    458    349 
   762 :    552    463    321 
   763 :    539    442    413 
   764 :    572    575    361 
   765 :    550    362     86 
   766 :    469    397    135 
   767 :    531    328    266 
   768 :    458    557    357 
   769 :    541    572    396 
   770 :    536    400    166 
   771 :    461    369    344 
   772 :    392    557    372 
   773 :    373    578    326 
   774 :    445    572    426 
   775 :    539    449    130 
   776 :    508    374    359 
   777 :    516    350    283 
   778 :    435    514    186 
   779 :    565    478    346 
   780 :    567    536    165 
   781 :    542    518    398 
   782 :    536    537    400 
   783 :    564    450    152 
   784 :    549    353    277 
   785 :    544    407    163 
   786 :    542    449    518 
   787 :    449    539    518 
   788 :    367    576    113 
   789 :    513    500    182 
   790 :    578    390    326 
   791 :    474    545    389 
   792 :    572    361    396 
   793 :    438    529    396 
   794 :    546    474    213 
   795 :    551    358    308 
   796 :    415    532    414 
   797 :    466    535     29 
   798 :    557    462    357 
   799 :    565    566    406 
   800 :    499    438    290 
   801 :    575    440    375 
   802 :    511    422     23 
   803 :    557    527    372 
   804 :    570    565    431 
   805 :    565    570    479 
   806 :    566    565    479 
   807 :    127    126    125 
   808 :    323    322    247 
   809 :    322    248    247 
   810 :    301    300    286 
   811 :    232    227    233 
   812 :    230    229    231 
   813 :    229    228    231 
   814 :    337     56     55 
   815 :    232    228    227 
   816 :    231    228    232 
   817 :    345     66     65 
   818 :      4      6      5 
   819 :    258    257    256 
   820 :    159    158    157 
   821 :     13     12     14 
   822 :    323    512    318 
   823 :    420     51     50 
   824 :    421     50     49 
   825 :    425    162    161 
   826 :    385     17     16 
   827 :    430     42     41 
   828 :    439    281    280 
   829 :    448    219    218 
   830 :    448    218    217 
   831 :    463    322    321 
   832 :    481    271    270 
   833 :    506    190    189 
   834 :    554    209    208 
   835 :    435    560    180 
   836 :    562    472    381 
   837 :     12     11     14 
   838 :    246    245    243 
   839 :     96     95     94 
   840 :     32     30     29 
   841 :    512    247    246 
   842 :    419    256    255 
   843 :    452     74     73 
   844 :    492     16     15 
   845 :    246    496    318 
